route 0 1473 3169 1475 3181 1485 3182 1492 3196 1501 3208 1506 3211 1512 3211 1532 3196 1539 3187 1561 3187 1592 3188 1621 3198 1649 3196 1674 3201 1692 3201 1696 3203
fish 30
water 5868 12658
0 1, 0 3, 0 13, 0 15, 0 17, 0 19, 1 19, 3 18, 5 17, 7 16, 13 11, 15 10, 17 9, 19 8, 20 8, 2* 21 8, 2* 22 8, 2* 22 9, 2* 22 10, 2* 21 11, 2* 20 12
19 13, 18 14, 17 15, 16 16, 15 16, 14 17, 13 17, 12 18, 2* 11 18, 10 18, 10 17, 9 17, 9 16, 8 16, 8 16 56 8, 2* 7 16 56 9, 6 16 56 10, 6 16 56 14
2* 6 15 56 14, 2* 6 14 56 14, 2* 6 15 54 14, 2* 6 16 52 14, 6 17 51 14, 6 19 49 14, 6 21 47 14, 6 23 45 14, 7 24 42 15, 7 26 40 15, 8 27 37 16
9 27 16 36 303 89, 10 26 16 36 301 92, 11 25 16 36 299 95, 12 24 16 36 297 98, 13 23 16 36 296 101, 14 22 16 6 2 29 294 104, 15 21 16 5 3 30 292 107
16 20 16 4 4 31 290 110, 17 19 16 3 4 34 287 112, 19 17 16 3 3 37 284 114, 21 15 16 45 281 116, 23 13 16 47 278 118, 25 11 16 49 275 59 22 39
27 9 16 51 272 58 26 38, 29 7 16 53 269 57 30 37, 31 5 16 55 266 56 34 36, 61 48 182 14 66 56 38 35, 63 48 178 18 62 56 41 35
65 47 167 34 50 60 44 35, 67 45 165 38 46 60 47 35, 77 37 161 42 42 60 50 36, 79 36 158 46 38 60 53 37, 81 35 155 54 26 64 56 38
83 33 153 58 22 64 59 39, 89 27 151 69 12 63 61 41, 90 26 149 71 12 62 63 42, 91 25 147 73 4 69 64 44, 92 24 145 75 4 68 66 45, 92 28 140 147 67 46
92 28 139 147 69 46, 92 28 138 86 4 57 70 47, 92 28 137 87 4 56 72 47, 92 28 136 147 74 48, 93 26 137 146 76 49, 93 26 137 145 78 50
94 24 138 144 80 51, 94 24 138 143 82 55, 95 22 138 143 84 55, 95 22 138 142 86 55, 96 20 138 142 88 55, 96 20 138 141 90 55 167 10
95 21 137 140 93 55 164 14, 95 21 137 38 18 82 96 55 161 18, 94 22 136 37 22 78 99 55 158 22, 94 22 136 35 26 74 102 56 150 34
93 22 137 33 29 71 106 56 146 38, 93 22 137 31 32 68 110 56 142 42, 92 22 138 29 35 65 114 56 138 46, 92 22 138 28 37 62 118 60 122 62
91 23 138 27 40 58 121 61 118 66, 91 23 138 27 50 42 128 62 114 70, 90 24 138 26 53 38 131 63 110 74, 90 24 138 26 63 18 142 68 94 86
90 24 137 27 65 14 146 68 90 90, 90 24 137 27 227 104 50 94, 90 24 136 28 229 104 46 98, 90 24 136 28 231 116 10 126, 90 24 136 27 234 116 6 130
90 24 136 27 236 252, 90 24 136 26 239 252, 90 24 136 26 241 255, 89 25 136 26 242 255, 89 25 136 26 243 255, 88 26 136 26 244 255
88 26 136 26 245 256 82 38 30 5, 88 26 136 26 247 256 78 42 26 7, 88 26 136 26 249 256 70 50 22 9, 88 26 136 26 251 256 66 54 18 11
88 26 136 26 253 260 59 92, 89 26 135 26 255 260 56 93, 89 26 135 26 257 260 53 94, 90 26 134 26 259 260 50 95, 90 26 134 26 261 260 46 25 4 72
90 26 133 27 263 260 42 27 4 72, 90 26 133 27 265 264 30 33 4 72, 90 26 132 28 267 264 26 35 4 72, 90 26 132 28 269 399, 91 26 130 29 271 397
91 27 128 30 273 395, 92 27 126 31 275 393, 93 27 124 32 277 355 4 36, 94 27 123 31 280 353 4 36, 95 26 123 31 282 351 4 36, 96 26 122 30 285 349 4 36
96 26 122 30 287 138 38 151 4 56, 97 26 120 30 290 134 42 149 4 56, 97 26 120 30 292 126 50 147 4 56, 98 26 118 30 295 122 54 145 4 36 2 18
98 26 118 30 300 111 62 179 8 16, 99 26 116 30 300 110 65 177 10 15, 99 27 115 30 300 100 76 174 13 14, 100 27 113 30 300 99 79 172 14 14
101 28 111 30 306 59 114 75 4 76 4 10 16 13, 102 29 108 30 307 57 118 73 4 76 4 9 17 12, 103 30 105 31 307 55 122 71 4 76 4 8 17 13
104 31 102 31 308 53 126 69 4 76 4 8 17 13, 105 32 99 32 320 11 158 63 8 8 4 75 17 14, 106 33 96 32 321 9 161 62 8 8 4 74 17 15
107 34 93 33 321 7 164 61 8 8 4 77 13 17, 108 35 90 33 322 5 167 60 8 8 4 83 6 19, 109 36 86 35 495 55 8 124, 110 37 82 36 498 53 8 124
111 38 78 38 500 51 8 124, 112 39 74 39 503 49 8 124, 113 67 39 44 506 179, 115 66 36 45 509 177, 117 65 33 46 512 149 3 23, 119 64 30 47 515 146 6 21
121 63 19 53 532 132 9 15, 122 63 16 55 532 132 10 14, 123 63 5 65 532 131 12 13, 124 63 2 67 532 131 13 12, 103 149 556 51 26 34 13 12
101 151 556 49 30 33 12 12, 99 57 24 72 556 47 34 31 12 12, 97 59 24 72 556 45 38 29 12 12, 100 56 24 68 580 11 66 16 11 8
100 56 24 68 580 9 70 15 10 8, 100 56 24 68 580 7 74 14 9 8, 100 56 24 68 580 5 78 13 7 9, 104 52 24 60 673 11 7 1, 104 52 24 60 675 10 6 1
104 136 677 9 5 1, 104 136 679 9 3 1, 108 127, 108 125, 108 123, 108 121, 108 19 26 66, 108 17 29 63, 108 3 44 60, 108 1 47 57
path 188624 405712
step -1 128 -30 124 -56 114 -86 95 -82 98 -69 108 -58 114 -33 123 -1 128 28 123 78 101 97 84 107 69 113 60 113 59 127 18 125 22 128 0 128 0 128 0
step 128 0 128 1 126 23 126 24 126 16 128 8 127 3 107 68 109 68 120 44 117 50 112 62 97 84 90 91 75 103 43 120 13 127 0 128 -11 127 -39 122 -38 122
step -8 127 0 128 0 128 0 128 3 128 40 121 52 117 50 117 74 104 84 97 80 100 90 91 91 90 100 79 113 60 100 80 91 90 90 90 81 99 102 64 108 65 91 90
step 96 84 107 71 115 56 127 13 128 0 128 0 128 0 128 0 128 -1 121 -38 103 -74 119 -45 128 -2 127 -9 126 -22 128 -4 124 -28 121 -43 121 -42 126 -16
step 123 -37 112 -60 112 -63 114 -57 110 -66 94 -87 90 -90 91 -91 82 -98 69 -107 48 -119 65 -110 60 -113 50 -118 30 -124 1 -128 0 -128 0 -128 21 -125
step 37 -123 23 -125 24 -126 53 -116 79 -101 91 -90 104 -73 114 -58 118 -48 126 -25 124 -30 126 -16 128 0 128 0 128 3 124 33 118 49 119 47 119 46
step 119 48 121 41 122 40 122 38 123 34 123 34 128 3 127 -14 116 -53 99 -81 110 -64 125 -27 122 -39 123 -35 115 -56 114 -58 106 -71 92 -89 90 -90
step 92 -90 103 -75 119 -47 121 -41 124 -31 124 -31 124 -31 125 -30 125 -25 124 -31 124 -31 127 -12 128 0 128 0 128 0 128 0 128 0 128 1 125 26 125 31
step 123 33 116 53 106 72 94 86 87 94 79 101 89 92 91 90 97 84 102 76 114 58 112 61 108 69 95 85 108 68 115 57 114 58 117 51 105 73 98 82 107 70
step 114 58 115 57 118 49 117 52 118 48 119 49 118 49 118 48 121 40 121 43 125 24 125 26 125 29 121 41 124 24 128 0 128 0 128 0 128 0 128 0 128 -1
step 128 -6 128 7 128 0 128 -1 125 -25 128 -6 128 0 128 0 128 0 127 -4 125 -27 126 -26 125 -24 127 -18 125 -27 124 -27 123 -35 127 -17 122 -39 124 -32
step 122 -38 124 -30 126 -24 126 -16 128 0 128 7 125 24 127 15 118 49 122 33 128 4 120 42 119 47 119 46 116 55 117 53 116 52 104 75 113 60 114 58
step 110 65 112 62 119 47 126 16 124 32 119 47 123 35 128 4 125 -23 123 -37 121 -40 119 -46 119 -48 124 -29 128 1 123 34 128 -4 128 0 128 0 128 0
step 127 5 107 68 92 89 111 59 126 19 127 16 126 11 112 62 109 66 125 27 125 25 127 -6 101 -75 73 -106 61 -112 80 -97 125 -8 122 38 120 42 103 76
step 75 25
block 1671 3205 0 WHOLE
block 1672 3204 0 WHOLE
block 1672 3205 0 WHOLE
block 1673 3204 0 WHOLE
allow 1482 3182 0 WHOLE
allow 1479 3181 0 WHOLE
allow 1478 3182 0 WHOLE
allow 1481 3182 0 WHOLE
allow 1477 3181 0 WHOLE
allow 1478 3181 0 WHOLE
allow 1477 3182 0 WHOLE
allow 1480 3182 0 WHOLE
allow 1476 3181 0 WHOLE
allow 1476 3182 0 WHOLE
allow 1481 3181 0 WHOLE
allow 1479 3182 0 WHOLE
allow 1480 3181 0 WHOLE
route 0 1495 3275 1493 3268 1488 3265 1482 3261 1482 3256 1487 3247 1482 3238 1493 3210 1503 3209 1506 3211 1512 3211 1532 3196 1539 3187 1561 3187 1592 3188 1621 3198 1649 3196 1674 3201 1680 3202 1692 3201 1696 3203
fish 30
water 5900 12720
359 89, 357 92, 355 95, 353 98, 352 101, 351 104, 350 107, 349 110, 348 112, 347 114, 346 116, 345 118, 344 59 22 39, 343 58 26 38, 342 57 30 37
341 56 34 36, 259 14 66 56 38 35, 257 18 62 56 41 35, 247 34 50 60 44 35, 245 38 46 60 47 35, 243 42 42 60 50 36, 241 46 38 60 53 37
239 54 26 64 56 38, 237 58 22 64 59 39, 235 144 61 41, 233 145 63 42, 231 146 64 44, 229 147 66 45, 228 147 67 46, 227 147 69 46, 226 147 70 47
225 147 72 47, 224 147 74 48, 224 146 76 49, 224 145 78 50, 224 144 80 51, 224 143 82 55, 223 143 84 55, 223 142 86 55, 222 142 88 55
222 141 90 55 167 10, 221 140 93 55 164 14, 221 38 18 82 96 55 161 18, 220 37 22 78 99 55 158 22, 220 35 26 74 102 56 150 34
220 33 29 71 106 56 146 38, 220 31 32 68 110 56 142 42, 220 29 35 65 114 56 138 46, 220 28 37 62 118 60 122 62, 220 27 40 58 121 61 118 66
220 27 50 42 128 62 114 70, 220 26 53 38 131 63 110 74, 220 26 63 18 142 68 94 86, 219 27 65 14 146 68 90 90, 219 27 227 104 50 94
218 28 229 104 46 98, 218 28 231 116 10 126, 218 27 234 116 6 130, 218 27 236 252, 218 26 239 252, 218 26 241 255, 218 26 242 255, 218 26 243 255
218 26 244 255, 218 26 245 256 82 38 30 5, 218 26 247 256 78 42 26 7, 218 26 249 256 70 50 22 9, 218 26 251 256 66 54 18 11, 218 26 253 260 59 92
218 26 255 260 56 93, 218 26 257 260 53 94, 218 26 259 260 50 95, 218 26 261 260 46 101, 217 27 263 260 42 103, 217 27 265 264 30 109
216 28 267 264 26 111, 216 28 269 399, 215 29 271 397, 214 30 273 395, 213 31 275 393, 212 32 277 395, 212 31 280 393, 212 31 282 391, 212 30 285 389
212 30 287 138 38 211, 211 30 290 134 42 209, 211 30 292 126 50 207, 210 30 295 122 54 185 2 18, 72 20 118 30 300 111 62 179 8 16
72 21 116 30 300 110 65 177 10 15, 72 22 115 30 300 100 76 174 13 14, 72 23 113 30 300 99 79 172 14 14, 69 28 111 30 306 59 114 169 16 13
70 29 108 30 307 57 118 166 17 12, 71 30 105 31 307 55 122 163 17 13, 72 31 102 31 308 53 126 161 17 13, 73 32 99 32 320 11 158 158 17 14
74 33 96 32 321 9 161 156 17 15, 75 34 93 33 321 7 164 158 13 17, 76 35 90 33 322 5 167 163 6 19, 77 36 86 35 495 187, 78 37 82 36 498 185
79 38 78 38 500 183, 80 39 74 39 503 181, 81 67 39 44 506 179, 83 66 36 45 509 177, 85 65 33 46 512 149 3 23, 87 64 30 47 515 146 6 21
89 63 19 53 532 132 9 15, 90 63 16 55 532 132 10 14, 91 63 5 65 532 131 12 13, 92 63 2 67 532 131 13 12, 71 149 556 51 26 34 13 12
69 151 556 49 30 33 12 12, 67 153 556 47 34 31 12 12, 65 155 556 45 38 29 12 12, 59 157 580 11 66 16 11 8, 57 159 580 9 70 15 10 8
55 161 580 7 74 14 9 8, 53 163 580 5 78 13 7 9, 52 156 673 11 7 1, 51 157 675 10 6 1, 50 158 677 9 5 1, 49 159 679 9 3 1, 48 155, 47 154, 47 152
46 151, 46 49 26 66, 45 48 29 63, 45 34 44 60, 44 33 47 57, 44 27, 44 25, 44 23, 44 21, 44 20, 2* 43 20, 2* 42 20, 2* 41 20, 2* 40 20, 2* 40 19
2* 40 18, 2* 39 19, 2* 38 20, 2* 37 20, 14* 36 20, 2* 36 13 2 5, 6* 36 20, 2* 35 20, 2* 34 20, 2* 33 20, 32 20, 32 19, 31 19, 30 8 4 7, 29 9 4 6
28 10 4 5, 27 12 3 4, 26 19, 25 19, 24 5 2 12, 23 5 3 11, 22 6 3 10, 21 8 1 10, 20 19, 19 19, 18 19, 17 19, 16 15, 15 15, 14 15, 13 15, 17* 12 16
12 4 3 10, 12 4 4 10, 12 5 2 12, 13 19, 14 19, 15 19, 16 19, 16 21, 17 22, 17 24, 18 25, 18 26, 19 26, 19 27, 20 27, 21 28, 22 29, 23 30, 24 31, 25 31
27 30, 29 28, 31 27, 33 25, 35 24, 37 22, 39 21, 41 13 1 5, 42 10 3 6, 43 9 3 7, 44 9 1 9, 44 20, 2* 45 19, 2* 46 18, 47 12 3 2, 47 11 5 1
2* 48 9 6 1, 47 11 5 1, 47 11 3 3, 2* 46 18, 2* 45 12 2 5, 44 20, 44 19, 43 19, 42 19, 41 19, 40 19, 39 19, 38 19, 37 19, 36 19, 35 19, 34 19, 33 19
32 19, 31 19, 30 19, 29 19, 28 19, 27 19, 26 19, 25 19, 24 20, 2* 23 20, 2* 22 20, 21 12 2 6, 21 6 3 3 2 6, 2* 20 6 4 10, 20 6 4 9, 20 19, 2* 20 18
2* 20 17, 6* 20 16, 2* 20 1 2 13, 10* 20 16, 2* 21 16, 2* 22 16, 23 16, 23 13 2 1, 24 12 2 2, 25 11 2 3, 26 10 2 5, 27 8 3 7, 28 8 2 9, 29 3 4 13
37 14, 37 16, 32 23, 33 24, 34 25, 35 26, 36 27, 37 28, 39 20 3 5, 41 17 5 6, 43 14 6 8, 45 12 6 6 2 1, 47 5 3 3 5 5 3 2, 49 4 3 2 3 7 3 3
51 2 2 14 1 5, 57 19, 59 18, 61 16, 63 15, 65 13, 66 3 2 8, 67 2 2 8, 2* 68 12, 2* 69 8 2 1, 2* 70 10, 71 4 3 3, 71 3 5 2, 2* 72 1 6 3, 72 2 4 4
72 3 3 4, 2* 72 10, 2* 73 4 2 3, 2* 74 8, 75 8, 75 3 4 1, 76 2 4 2, 77 1 4 2, 78 1 3 2, 79 5, 3* 80 4
path 191408 419248
step 30 -124 -26 -123 -35 -121 -2 -128 -43 -117 -98 -82 -74 -102 -9 -126 -98 -68 -122 -32 -122 -33 -126 -15 -84 -94 -77 -102 -104 -72 -121 -41
step -115 -57 -109 -65 -94 -87 -91 -90 -92 -89 -51 -117 -33 -122 4 -128 26 -125 19 -126 26 -125 64 -111 93 -86 55 -111 -19 -126 13 -125 76 -102 90 -91
step 90 -90 89 -93 75 -103 44 -120 22 -125 0 -128 -43 -118 -78 -101 -37 -121 -37 -119 -93 -88 -106 -72 -108 -69 -114 -58 -109 -66 -94 -87 -69 -105
step -8 -128 -35 -122 -50 -117 -41 -120 -1 -128 27 -124 68 -108 98 -77 127 -19 104 -71 38 -118 -13 -127 37 -119 90 -91 100 -79 57 -111 -22 -126 2 -126
step 34 -124 50 -117 32 -124 40 -121 30 -124 36 -123 52 -116 47 -119 43 -121 74 -104 92 -89 110 -63 122 -36 119 -47 124 -32 126 -22 127 -10 126 -22
step 127 -1 127 -16 120 -44 112 -62 113 -59 127 -9 112 56 92 89 94 86 106 72 113 59 126 20 128 0 128 0 128 0 128 0 128 0 123 -29 105 -73 115 -53
step 128 -5 127 -5 125 -26 128 -2 125 -26 122 -39 120 -44 126 -20 123 -32 115 -57 110 -64 115 -57 111 -63 96 -85 90 -90 91 -91 84 -95 71 -107 50 -117
step 62 -112 62 -112 52 -117 35 -123 3 -127 0 -128 0 -128 15 -127 38 -122 23 -126 24 -125 48 -119 74 -103 91 -91 101 -77 114 -59 116 -52 126 -24
step 124 -31 126 -21 127 0 128 0 128 1 125 28 118 48 120 46 119 47 118 49 121 41 121 40 122 40 124 32 122 37 128 7 127 -9 119 -47 100 -79 107 -69
step 124 -30 122 -38 124 -33 115 -55 115 -57 109 -67 93 -88 90 -90 91 -90 100 -79 118 -49 120 -45 124 -31 124 -31 124 -31 124 -31 126 -23 124 -31
step 124 -31 126 -18 128 0 128 0 128 0 128 0 128 0 128 0 126 22 124 31 124 31 118 48 107 70 96 84 89 93 78 101 88 93 90 90 95 86 103 77 110 63 114 58
step 110 66 96 84 105 72 114 58 115 57 116 54 108 66 97 84 106 71 113 60 115 57 117 51 117 50 118 50 118 49 119 47 117 51 123 37 119 46 125 26 125 28
step 125 26 122 38 123 32 128 1 127 0 128 0 128 0 128 0 128 0 128 -8 128 8 128 0 127 0 126 -21 127 -11 128 0 128 0 128 0 128 -1 125 -27 126 -24
step 125 -23 126 -22 125 -24 126 -25 122 -37 127 -16 122 -38 124 -32 122 -38 124 -31 126 -24 125 -22 128 0 128 3 125 26 127 11 121 44 119 43 128 2
step 122 35 119 47 119 48 117 51 115 56 118 48 105 73 111 64 114 57 111 64 111 63 117 53 126 17 124 30 120 45 122 40 127 8 126 -16 122 -38 123 -36
step 119 -47 118 -49 123 -34 128 -4 124 29 126 4 128 -1 128 0 128 0 126 18 99 80 107 69 117 52 126 17 126 20 128 6 113 58 108 68 123 31 125 27 128 -2
step 106 -66 74 -105 62 -111 76 -102 122 -21 122 38 122 37 102 77 89 33
branch 1482 3257 1482 3254 1483 3251 1485 3249
bpath 189776 416976
bstep -31 -121 24 -124 22 -124 13 -117 -22 -122 69 -104 99 -79 94 -85 84 -93 32 -55
branch 1480 3231 1481 3229 1483 3228 1483 3226 1485 3223
bpath 189520 413648
bstep -2 -121 76 -101 120 -35 120 -41 78 -98 -4 -125 5 -127 72 -104 89 -91 75 -102 11 -79
branch 1501 3208 1506 3207 1510 3207 1513 3209 1516 3209
bpath 192208 410704
bstep 122 -33 123 -28 118 -48 118 -46 126 2 127 -6 128 -1 127 0 127 7 127 -5 114 48 84 95 77 102 88 89 125 16 125 -17 64 -47
branch 1547 3188 1550 3188 1552 3186 1553 3186 1555 3187 1557 3188 1560 3188
bpath 198096 408144
bstep 110 60 127 3 121 -34 118 -45 92 -86 69 -107 120 -22 126 11 112 57 111 63 101 77 123 23 127 0 127 0 80 0
block 1494 3268 0 WHOLE
block 1552 3186 0 SOUTH
block 1508 3210 0 SOUTH
block 1676 3204 0 WHOLE
block 1510 3208 0 NORTH
block 1671 3205 0 WHOLE
block 1484 3255 0 WHOLE
block 1508 3208 0 NORTH
block 1673 3203 0 WHOLE
block 1673 3204 0 WHOLE
block 1507 3208 0 NORTH
block 1490 3264 0 WHOLE
block 1486 3244 0 WHOLE
block 1510 3210 0 SOUTH
block 1480 3252 0 WEST
block 1486 3245 0 WHOLE
block 1693 3203 0 WHOLE
block 1551 3186 0 WHOLE
block 1684 3198 0 WHOLE
block 1672 3204 0 WHOLE
block 1507 3210 0 SOUTH
block 1553 3186 0 SOUTH
block 1485 3253 0 WHOLE
block 1672 3205 0 WHOLE
block 1694 3200 0 WHOLE
block 1509 3208 0 NORTH
block 1689 3201 0 WHOLE
block 1511 3209 0 WHOLE
block 1506 3210 0 SOUTH
block 1553 3187 0 NORTH
block 1511 3210 0 SOUTH
block 1509 3210 0 SOUTH
block 1506 3208 0 NORTH
block 1511 3208 0 NORTH
block 1506 3209 0 WHOLE
allow 1482 3253 0 WHOLE
allow 1487 3265 0 WHOLE
allow 1484 3263 0 WHOLE
allow 1695 3201 0 WHOLE
allow 1488 3264 0 WHOLE
allow 1484 3261 0 WEST
allow 1484 3262 0 WHOLE
allow 1487 3264 0 WHOLE
allow 1483 3263 0 WHOLE
allow 1483 3261 0 WHOLE
allow 1482 3262 0 WHOLE
allow 1483 3262 0 WHOLE
allow 1482 3254 0 EAST
allow 1488 3265 0 WHOLE
allow 1494 3270 0 WHOLE
surface 1495 3273 0 WHOLE
surface 1495 3270 0 WHOLE
surface 1495 3274 0 WHOLE
surface 1495 3271 0 WHOLE
surface 1495 3275 0 WHOLE
surface 1495 3272 0 WHOLE
route 0 1619 3244 1620 3229 1610 3220 1610 3205 1621 3198 1649 3196 1674 3201 1680 3202 1692 3201 1696 3203
fish 30
water 6420 12760
155 10, 153 14, 151 18, 149 22, 143 34, 141 38, 139 42, 137 46, 127 62, 125 66, 123 70, 121 74, 111 86, 109 90, 36 21 50 94, 36 23 46 98, 32 41 10 126
32 43 6 130, 32 181, 32 183, 24 196, 24 197, 24 198, 24 199, 20 205 82 38 30 5, 20 207 78 42 26 7, 20 209 70 50 22 9, 20 211 66 54 18 11, 12 225 59 92
12 227 56 93, 12 229 53 94, 12 231 50 95, 8 237 46 25 4 72, 8 239 42 27 4 72, 8 245 30 33 4 72, 8 247 26 35 4 72, 4* 0 392, 1 355 4 36, 3 353 4 36
5 351 4 36, 7 349 4 36, 9 138 38 151 4 56, 11 134 42 149 4 56, 13 126 50 147 4 56, 15 122 54 145 4 36 2 18, 20 111 62 179 8 16, 19 110 65 177 10 15
19 100 76 174 13 14, 18 99 79 172 14 14, 18 65 114 75 4 76 4 10 16 13, 17 64 118 73 4 76 4 9 17 12, 17 62 122 71 4 76 4 8 17 13
16 61 126 69 4 76 4 8 17 13, 16 31 158 63 8 8 4 75 17 14, 15 30 161 62 8 8 4 74 17 15, 14 29 164 61 8 8 4 77 13 17, 13 28 167 60 8 8 4 83 6 19
12 27 170 55 8 124, 11 26 174 53 8 124, 11 24 178 51 8 124, 10 23 182 49 8 124, 10 21 186 179, 9 21 189 177, 9 20 192 149 3 23, 8 20 195 146 6 21
8 19 209 132 9 15, 7 19 210 132 10 14, 7 18 211 131 12 13, 6 18 212 131 13 12, 6 18 232 51 26 34 13 12, 5 18 233 49 30 33 12 12
5 18 233 47 34 31 12 12, 4 18 234 45 38 29 12 12, 4 18 254 11 66 16 11 8, 4 17 255 9 70 15 10 8, 4 17 255 7 74 14 9 8, 4 16 256 5 78 13 7 9
5 15 341 11 7 1, 6 14 343 10 6 1, 7 13 345 9 5 1, 8 12 347 9 3 1, 4* -, 8 12, 2* 8 13, 2* 8 14, 2* 9 14, 2* 10 14, 2* 11 13, 2* 12 12, 2* 12 13
6* 12 14, 2* 12 15, 12 16, 13 15, 14 14, 15 13, 2* 16 12, 16 13, 16 14, 16 15, 16 17, 16 19, 16 21, 16 23, 17 24, 18 25, 19 26, 20 27, 21 27, 22 27
23 27, 24 27, 29 23, 31 22, 33 21, 35 20, 37 19, 38 19, 39 19, 40 19, 41 19, 42 19, 43 18, 44 18, 45 17, 46 17, 47 17, 48 17, 48 18, 2* 49 18
2* 50 18, 2* 51 17, 2* 52 16, 2* 52 17, 2* 52 18, 2* 53 18, 2* 54 18, 2* 55 18, 2* 56 18, 2* 56 19, 2* 56 20, 2* 57 19, 2* 58 18, 2* 59 18, 60 18
61 17, 62 17, 63 17, 64 17, 64 18, 2* 64 19, 5* 64 20, 65 19, 66 18, 67 17, 6* 68 16, 67 16, 66 17, 65 17, 64 17, 64 16, 64 15, 2* 64 14, 63 14, 62 15
61 15, 60 16, 59 16, 58 17, 57 17, 37 36, 39 33, 45 26, 47 22, 49 14, 51 10
path 207312 415312
step 111 -63 111 -64 101 -76 59 -112 55 -116 65 -110 40 -120 2 -128 -27 -123 -66 -109 -43 -121 -53 -116 -57 -114 -56 -116 -42 -120 -47 -119 -26 -125
step -43 -118 -61 -113 -66 -110 -61 -112 -71 -106 -88 -92 -91 -91 -91 -90 -100 -79 -109 -67 -114 -58 -114 -57 -117 -52 -107 -70 -46 -110 -14 -127
step -43 -120 -41 -121 -28 -124 -11 -128 -40 -121 -55 -116 -24 -124 -4 -128 -26 -125 -1 -128 34 -122 57 -115 65 -110 89 -91 74 -103 87 -95 89 -92
step 77 -101 73 -105 56 -115 85 -95 92 -89 111 -62 125 -22 128 0 128 0 128 0 128 -3 127 -1 128 4 128 0 128 -4 125 -26 127 -2 128 0 128 0 128 0 127 -9
step 126 -26 125 -27 125 -25 126 -16 126 -26 123 -32 124 -30 126 -22 122 -37 123 -34 123 -36 124 -29 126 -25 127 -10 128 0 126 13 126 19 126 22 116 52
step 125 22 127 9 119 46 119 48 119 46 115 56 118 50 113 57 105 74 113 59 114 58 109 67 114 59 120 40 126 19 124 34 118 47 124 30 128 0 124 -29
step 123 -35 120 -44 120 -46 119 -46 125 -23 128 5 123 32 127 -5 128 0 128 0 128 1 117 45 97 83 113 60 121 35 125 24 128 8 124 23 108 68 113 59 126 24
step 126 18 125 -19 90 -89 69 -108 61 -113 95 -80 125 13 122 38 116 51 104 72 47 11
block 1671 3205 0 WHOLE
block 1672 3204 0 WHOLE
block 1672 3205 0 WHOLE
block 1673 3204 0 WHOLE
allow 1607 3211 0 WHOLE
allow 1609 3211 0 WHOLE
allow 1608 3211 0 WHOLE
