route 0 1317 3392 1291 3391 1265 3390 1251 3379 1238 3374 1235 3374 1230 3375
water 4880 13484
51 13 8 9, 49 15 8 3 3 5, 47 14 11 2 5 6, 45 15 12 1 6 8, 39 2 2 17 12 1 6 3 1 5, 37 3 3 4 2 10 13 2 5 1 3 6, 35 5 3 3 4 9 4 1 8 2 3 3 3 7
33 8 1 3 6 13 8 9 1 9, 32 4 1 8 6 13 8 20, 31 3 5 6 6 13 8 7 1 13, 30 4 5 8 3 14 8 6 4 12, 29 4 7 24 8 6 4 13, 23 10 7 24 8 6 4 15
21 12 6 25 8 7 2 4 2 12, 19 15 4 12 4 10 8 13 2 14, 17 19 1 13 4 10 8 31, 16 34 4 10 8 40, 15 35 3 11 8 41, 14 45 13 42, 13 46 13 43, 12 47 13 53
11 38 2 9 3 1 8 1 2 3 4 45, 11 38 2 10 1 2 8 1 2 2 6 46, 10 54 8 5 6 48, 10 49 14 4 6 57, 9 33 4 12 16 3 6 58, 9 32 6 10 18 3 5 59, 8 33 6 9 20 3 2 62
8 33 6 8 22 71, 7 30 2 2 6 6 25 71, 6 31 2 3 5 4 28 71, 5 38 2 4 31 71, 5 42 42 67, 5 40 46 66, 6 37 50 65, 6 35 54 64, 7 28 66 63, 7 27 68 63
8 25 70 62, 8 24 72 62, 9 22 82 53 66 13, 10 20 85 52 64 18, 10 19 88 50 63 23, 11 17 91 49 61 32 3 1 3 1, 12 15 102 39 48 88, 13 13 105 38 46 90
14 11 108 37 44 92, 15 9 110 37 42 94, 16 7 112 37 28 112, 17 4 115 37 26 114, 18 1 118 37 24 116, 139 36 22 118, 140 40 12 125, 141 40 10 128
141 41 8 131, 142 41 6 134, 142 182, 143 182, 143 183, 144 183, 144 184, 143 186, 142 187, 141 189, 140 190, 2* 140 191, 2* 140 192, 139 194, 138 195
137 197, 136 198, 2* 136 199, 136 200, 136 201, 136 203, 136 205, 136 207, 136 260, 135 261, 134 262, 133 263, 132 264, 131 265, 130 266, 129 267
128 220, 2* 129 218, 130 216, 131 5 4 206, 131 5 4 205, 132 4 4 205, 133 3 4 204, 133 210, 134 207, 135 204, 136 201, 137 1 2 6 2 187, 140 6 2 186
140 6 2 185, 140 6 2 184, 141 78 30 82, 142 76 32 79, 143 74 34 76, 144 72 36 73, 146 69 38 66, 147 67 40 64, 149 64 42 62, 150 62 44 60
152 16 4 40 49 54, 154 14 4 39 52 51, 156 12 4 39 54 48, 159 9 4 38 57 45, 163 47 71 30, 167 42 73 27, 171 38 74 24, 174 34 76 21, 178 29, 182 24
190 1 3 1 3 1
path 168656 434256
step -110 -60 -128 -4 -128 0 -128 0 -128 0 -128 0 -128 0 -128 0 -128 0 -128 0 -128 3 -124 28 -121 41 -125 24 -128 0 -128 0 -128 0 -127 -11 -124 -32
step -118 -48 -122 -40 -124 -28 -128 -1 -128 0 -128 0 -128 0 -128 2 -125 26 -128 4 -128 0 -127 0 -128 0 -128 0 -128 0 -126 -21 -126 -22 -125 -25
step -125 -27 -125 -26 -126 -25 -120 -44 -122 -33 -128 -1 -128 0 -127 13 -124 31 -121 42 -118 48 -119 47 -127 11 -128 0 -125 -20 -102 -76 -122 -32
step -128 0 -125 -18 -99 -81 -90 -91 -76 -102 -52 -117 -33 -123 -42 -119 -62 -112 -59 -114 -80 -99 -90 -91 -99 -81 -108 -68 -105 -73 -115 -57 -119 -45
step -126 -17 -122 -35 -118 -48 -126 -23 -122 -38 -123 -34 -119 -48 -122 -40 -123 -33 -117 -52 -114 -57 -119 -49 -116 -53 -122 -33 -121 -37 -113 -56
step -128 -4 -127 0 -125 -23 -109 -67 -120 -28 -118 49 -110 65 -94 87 -45 45
allow 1316 3391 0 WHOLE
allow 1311 3392 0 WHOLE
allow 1315 3392 0 WHOLE
allow 1312 3391 0 WHOLE
allow 1311 3391 0 WHOLE
allow 1312 3392 0 WHOLE
allow 1317 3391 0 WHOLE
allow 1313 3391 0 WHOLE
allow 1316 3392 0 WHOLE
allow 1317 3392 0 WHOLE
allow 1237 3374 0 WHOLE
allow 1308 3391 0 WHOLE
allow 1314 3391 0 WHOLE
allow 1309 3392 0 WHOLE
allow 1308 3392 0 WHOLE
allow 1236 3374 0 WHOLE
allow 1309 3391 0 WHOLE
allow 1313 3392 0 WHOLE
allow 1310 3392 0 WHOLE
allow 1310 3391 0 WHOLE
allow 1314 3392 0 WHOLE
allow 1235 3374 0 WHOLE
allow 1315 3391 0 WHOLE
lake 0 1287 3384 1297 3387 1254 3400 1262 3405
fish 35
water 4996 13524
132 20, 132 21, 132 22, 132 23, 132 44 4 8, 132 44 4 9, 132 44 4 10, 132 44 4 11, 132 64, 132 65, 132 66, 132 67, 128 73, 128 75, 128 77, 128 79
132 76, 132 77, 132 78, 132 79, 132 80, 2* 132 81, 2* 132 82, 2* 132 83, 132 84, 4* 136 80, 4* 140 28 4 44, 4* 152 4 16 44, 4* 176 36, 4* 180 28
4* 192 4, 4* 20 4, 10 26, 2* 9 27, 8 28, 4* 8 32, 8 36, 7 37, 6 38, 5 39, 4* 4 40, 4 40 8 4, 2* 5 39 8 4, 6 38 8 4, 6 62, 2* 7 61, 8 60, 4* 8 64, 8 68
2* 9 67, 2* 10 66, 2* 11 65, 5* 12 64, 13 67, 14 66, 15 65, 16 64, 4* 20 4 8 44, 6* 32 44, 32 43, 32 42, 49 23, 51 21, 53 18, 55 14
block 1284 3385 0 WEST
block 1282 3385 0 WHOLE
block 1284 3382 0 WEST
block 1284 3381 0 WEST
block 1284 3384 0 WEST
block 1254 3394 0 WHOLE
block 1262 3399 0 WHOLE
block 1252 3396 0 EAST
block 1283 3385 0 WHOLE
block 1254 3396 0 EAST
block 1284 3383 0 WEST
block 1256 3396 0 EAST
allow 1293 3382 0 WHOLE
allow 1255 3406 0 WHOLE
allow 1268 3407 0 WEST
allow 1256 3407 0 WHOLE
allow 1268 3406 0 WHOLE
allow 1256 3406 0 WHOLE
dive 1258 3396 0 WHOLE
dive 1282 3387 0 WHOLE
dive 1283 3386 0 WHOLE
dive 1257 3396 0 WHOLE
dive 1282 3386 0 WHOLE
dive 1257 3395 0 WHOLE
dive 1283 3387 0 WHOLE
