route 0 1284 3121 1276 3113 1263 3118 1261 3128 1271 3133 1282 3143 1315 3150 1340 3132 1366 3126 1368 3121
water 5032 12430
39 6, 37 10, 27 30, 25 34, 23 38, 21 42, 19 45, 17 48, 16 49, 15 51, 14 52, 13 54, 12 55, 11 57, 10 21 18 19, 9 20 22 18, 9 18 30 13 372 1
8 17 34 12 365 15, 8 15 37 13 18 14 331 19, 8 14 39 14 14 18 329 22, 8 13 40 16 10 21 328 24, 8 12 42 17 6 24 327 26, 8 12 42 48 326 28
8 12 43 48 324 30, 8 12 43 49 323 32, 8 12 44 49 321 34, 8 12 45 49 320 35, 8 13 45 49 318 37, 8 13 46 28 6 14 318 38, 8 14 46 25 9 14 316 40
9 13 47 14 20 13 316 41, 10 13 48 10 23 13 315 42, 11 12 82 12 315 43, 12 12 82 12 314 43, 12 12 82 12 314 44, 2* 13 12 81 11 314 46
14 12 80 10 314 48, 14 12 80 9 315 48, 15 12 78 9 315 50, 15 13 77 8 316 50, 16 13 75 8 316 52, 16 14 74 7 317 19 4 29, 16 14 73 7 318 18 7 27
16 14 72 7 319 17 8 28, 16 14 71 7 320 15 10 28, 16 14 398 15 10 28, 17 14 397 14 11 28, 17 14 397 13 11 30, 18 14 396 13 5 36, 18 14 396 54
2* 18 14 395 55, 18 14 394 56, 18 14 68 8 318 56, 17 14 70 8 317 56, 17 14 70 8 317 57, 16 14 72 8 316 56, 16 14 73 7 316 56, 15 14 75 5 317 57
14 15 76 4 317 56, 13 15 79 1 318 56, 12 15 399 56, 11 15 400 56, 10 15 401 56, 9 15 402 56, 8 15 403 26 4 26, 7 15 404 25 6 25, 7 14 405 25 6 24
6 14 406 24 8 23, 6 14 406 24 9 22, 5 15 405 24 11 21, 5 15 405 24 12 19, 2* 4 16 404 24 14 18, 2* 4 16 404 24 15 16, 2* 4 16 404 24 16 14
2* 5 15 404 24 17 12, 2* 6 14 404 24 18 10, 7 14 402 24 20 8, 7 15 401 24 20 8, 8 15 399 24 22 7, 8 17 397 24 22 7, 9 18 395 24 23 6, 9 24 389 24 23 6
10 25 387 24 24 5, 11 38 266 30 77 24 24 5, 12 39 262 34 74 24 26 3, 13 44 254 38 72 24 26 3, 14 45 250 42 69 24 28 2, 15 45 248 45 67 24 28 2
16 45 246 48 64 25 28 1, 17 44 245 51 62 25 28 1, 19 43 243 54 59 26 28 1, 25 37 242 56 58 26, 27 36 240 58 56 27, 29 34 239 60 55 27
31 33 237 62 53 28, 41 23 236 65 51 28, 43 22 234 68 48 28, 45 20 234 70 45 29, 47 19 232 73 42 29, 48 18 232 75 38 31, 49 18 230 78 34 32
49 19 228 81 30 34, 50 19 226 84 26 35, 51 19 224 29 14 44 22 37, 52 19 222 28 18 44 18 38, 53 19 221 26 22 44 14 40, 54 19 219 25 26 44 10 41
54 20 218 24 29 93, 55 20 216 24 32 90, 55 20 216 24 34 88, 56 20 214 24 37 85, 57 20 213 24 39 82, 58 21 210 24 41 80, 59 21 209 24 42 78
60 21 207 24 44 76, 61 21 206 23 46 74, 62 21 205 22 49 71, 63 20 205 21 52 68, 64 20 204 20 55 65, 65 20 203 20 57 62, 66 21 200 21 58 60
67 21 198 22 59 58, 68 21 196 23 60 56, 68 22 194 24 61 54, 69 22 192 24 63 51, 69 23 191 24 64 48, 70 23 189 24 66 45, 71 23 188 24 67 42
72 23 186 24 70 38, 73 24 184 24 72 34, 75 24 181 24 75 30, 76 25 179 23, 77 26 176 23, 77 40 161 23, 78 41 158 23, 79 45 16 37 99 24
80 45 14 40 96 24, 81 45 12 47 89 25, 83 44 10 50 86 25, 85 104 83 26, 86 105 80 27, 87 106 77 28, 88 107 74 29, 93 103 71 31, 95 102 68 32
97 101 65 34, 99 100 62 35, 109 91 60 35, 111 89 59 35, 113 42 10 35 4 1 53 35, 115 38 14 33 4 3 50 35, 125 18 30 35 47 36, 127 14 34 34 44 37
177 33 41 38, 179 32 38 39, 181 36 27 43, 183 36 24 43, 185 36 21 43, 187 36 18 43, 189 94, 190 92, 191 90, 192 88, 193 86, 195 82, 197 78, 199 74
201 70, 202 68, 203 66, 204 64, 209 54, 211 50, 213 46, 215 42, 217 3 4 31, 219 1 4 29, 225 22, 227 18
path 164432 399568
step -60 -111 -3 -127 29 -124 64 -110 68 -108 53 -116 -28 -122 -80 -99 -92 -88 -115 -50 -128 -1 -128 5 -122 37 -126 23 -125 25 -127 1 -118 -48
step -116 -51 -94 -88 -84 -96 -80 -99 -91 -91 -109 -62 -125 -26 -127 -16 -125 -25 -128 -1 -128 0 -128 6 -122 37 -116 54 -113 59 -101 78 -86 94 -33 122
step 1 127 37 122 57 115 57 114 55 116 47 119 45 119 21 126 -13 127 -64 109 -77 103 -85 95 -76 103 -52 117 -17 126 7 127 39 122 69 107 90 90 111 63
step 121 41 121 40 124 34 127 4 126 22 125 24 116 54 107 69 75 104 90 90 74 104 75 104 89 91 91 91 90 90 87 94 79 101 89 92 90 90 91 90 100 80 99 81
step 115 55 118 50 117 51 128 5 125 21 126 23 120 45 124 27 119 47 125 28 127 1 128 0 125 -26 122 -36 127 -3 126 -25 127 -6 128 0 128 0 128 0 127 10
step 122 39 122 40 118 48 115 57 108 68 93 88 92 88 110 65 120 42 113 61 115 55 123 36 116 53 126 21 125 25 124 -24 117 42 126 18 128 -1 124 -29
step 119 -48 119 -46 115 -57 118 -49 113 -59 104 -74 106 -71 109 -67 100 -80 91 -90 90 -90 91 -91 73 -104 52 -117 57 -115 70 -106 80 -100 59 -113
step 26 -125 47 -119 67 -108 86 -95 69 -108 80 -99 91 -90 103 -76 115 -54 126 -19 128 0 128 0 128 0 128 0 124 26 115 56 115 57 112 60 104 76 110 65
step 107 70 110 65 115 57 111 62 103 77 108 69 116 51 128 9 128 0 128 0 127 -3 125 -28 120 -43 115 -57 113 -59 101 -78 90 -90 91 -91 88 -93 68 -108
step 57 -114 40 -121 29 -124 34 -123 28 -125 35 -123 0 -128 22 -124 41 -121 31 -124 51 -116 72 -104 11 -111
block 1308 3146 0 WHOLE
block 1313 3153 0 WHOLE
allow 1283 3120 0 WHOLE
allow 1284 3119 0 WHOLE
allow 1283 3119 0 WHOLE
allow 1284 3120 0 WHOLE
dive 1261 3123 0 WHOLE
dive 1261 3126 0 WEST
dive 1260 3124 0 WHOLE
dive 1262 3124 0 WEST
dive 1261 3122 0 WHOLE
dive 1261 3125 0 WHOLE
dive 1260 3126 0 WHOLE
dive 1262 3123 0 WEST
dive 1261 3124 0 WHOLE
dive 1260 3125 0 WHOLE
dive 1262 3122 0 WEST
