route 0 1616 3640 1617 3620 1617 3599 1622 3580 1612 3566 1640 3558 1663 3573 1673 3591 1682 3589 1691 3593 1713 3599 1717 3613 1708 3628 1715 3638 1743 3645 1745 3673 1737 3695 1749 3730
water 6372 14205
93 1, 85 5 3 7, 81 9 4 6, 77 12 5 6, 74 16 3 7, 72 28, 70 30, 68 32 107 18, 67 33 105 22, 65 35 103 26, 64 36 101 30, 64 36 100 32, 64 37 98 34
64 37 97 36, 64 38 95 38, 64 38 89 38 2 6, 64 39 86 25 3 11 4 7, 64 39 84 26 6 10 3 9, 64 40 81 28 6 24, 64 40 80 17 2 10 6 29
64 41 78 17 3 11 4 3 2 26, 64 42 76 18 3 12 2 4 2 27, 64 43 74 20 1 49, 68 40 71 73, 68 41 68 7 3 66, 68 41 66 10 3 66, 68 42 63 12 2 68
72 38 62 43 6 36, 72 25 2 12 60 42 9 37, 72 25 2 12 59 41 12 38, 72 40 57 40 15 39, 76 41 51 35 30 35, 76 43 48 7 3 24 34 10 2 22
76 43 47 7 6 20 38 8 2 23, 76 44 45 8 6 18 42 32, 76 44 44 9 6 12 50 14 1 16, 76 31 3 10 43 11 4 11 53 12 4 15, 76 30 5 9 42 13 2 10 56 10 6 15
76 29 6 9 41 24 59 8 7 16, 76 29 6 10 39 23 62 7 7 17, 76 30 4 13 36 23 64 7 5 18, 76 31 3 15 33 23 66 6 5 18, 76 51 30 23 68 7 1 20, 76 94 1 8 70 27
76 93 3 6 72 27, 76 93 3 5 74 26, 76 93 2 5 76 26, 72 62 1 40 78 25, 72 33 2 25 3 39 80 25, 72 33 2 25 3 38 82 24, 72 61 1 38 84 24, 68 27 10 66 86 23
68 25 14 63 89 21, 68 23 18 60 92 19, 68 22 21 57 94 18, 64 25 28 50 96 17, 64 24 31 46 99 16, 64 24 33 42 102 9 4 2, 64 24 35 38 105 8 4 2
39 1 24 24 178 8 4 2, 39 1 24 24 179 7 3 4, 39 1 24 24 179 14, 39 1 24 24 180 14, 39 5 20 24 180 14, 2* 39 5 20 24 180 15, 40 4 20 24 180 16
40 8 12 28 180 16, 2* 40 8 12 27 181 17, 41 7 12 26 182 18, 41 44 183 18, 2* 41 43 185 4 2 12, 42 42 186 18, 42 17 10 15 186 18, 41 16 14 14 186 18
40 17 14 14 186 19, 39 17 16 15 185 19, 41 15 17 19 180 20, 43 14 17 19 179 21, 43 14 18 19 178 21, 44 15 17 19 177 22, 45 15 16 7 2 12 175 22
47 14 14 6 6 12 173 23, 47 15 13 6 6 14 171 23, 48 15 10 7 8 15 169 24, 48 16 8 8 8 16 168 24, 48 16 8 9 6 18 167 24, 48 16 8 9 6 19 166 24
48 16 8 11 2 22 165 24, 49 15 8 36 165 23, 50 15 6 38 165 22, 51 14 6 38 166 21, 52 15 2 41 166 20, 53 57 166 20, 54 57 165 20, 55 56 165 20
56 56 164 20, 56 31 2 23 164 20, 56 29 5 23 163 21, 56 27 8 23 162 15 3 3, 56 25 11 23 161 14 4 4, 57 23 17 20 159 14 4 4, 58 21 19 21 158 8 2 3 4 4
59 20 20 22 156 8 2 11, 60 18 22 23 155 20, 60 18 23 23 154 9 6 5, 60 17 25 23 154 7 8 5, 60 17 26 22 154 6 10 4, 60 16 28 22 154 4 12 4
60 16 28 22 154 4 12 1 2 1, 60 16 29 21 154 4 15 1, 60 16 29 21 154 4 12 1 68 1, 60 16 30 20 154 4 12 4 64 5, 61 15 30 20 154 4 12 4 64 5
62 15 30 19 154 5 10 5 64 5, 63 15 29 19 154 6 8 6 64 6 5 2, 64 15 29 18 154 7 6 7 64 7 2 6, 65 15 28 18 154 20 64 16, 66 14 28 18 155 4 2 13 64 17
67 13 28 18 155 4 2 13 64 17, 68 12 28 18 156 18 64 16, 68 12 29 17 156 18 64 16, 68 13 29 17 156 17 64 16, 68 13 30 16 156 17 64 16
68 15 29 16 156 16 64 16, 68 16 28 16 156 16 64 16, 67 17 28 16 156 16 64 16, 66 18 28 16 156 16 64 16, 65 19 28 16 156 16 64 16
64 20 29 15 156 16 64 16, 64 19 31 14 156 16 63 17, 64 19 32 13 156 16 62 18, 64 18 34 12 156 16 61 19, 64 18 34 12 156 16 60 20
64 17 35 13 155 17 59 20, 64 17 18 2 15 14 154 17 59 20, 64 16 17 6 13 15 153 18 58 20, 64 16 15 9 12 16 152 18 58 19 60 23 1 14
64 17 12 12 10 17 152 19 57 18 59 24 3 15, 64 18 9 15 9 17 152 19 57 17 58 26 3 17, 64 19 6 18 6 19 152 20 56 16 57 28 2 20
65 67 152 11 1 8 56 15 57 52, 66 66 152 10 4 7 54 6 2 7 57 21 3 30, 67 65 152 9 6 7 52 7 2 6 57 22 4 30, 68 64 152 8 7 8 50 15 57 24 2 32
68 19 2 14 2 27 152 8 7 9 47 16 56 61, 69 17 5 10 6 25 152 9 5 11 44 17 55 20 2 28 3 3 2 6, 69 16 6 8 14 19 152 9 5 12 41 18 54 22 2 26 5 3 2 7
70 14 8 6 17 17 152 11 1 15 38 19 53 52 6 12, 71 13 8 6 18 16 152 9 2 18 34 21 51 54 6 13, 72 13 6 7 18 16 153 7 4 19 30 24 48 56 5 15
73 12 5 8 18 16 153 8 3 21 26 27 45 12 3 44 3 16, 74 13 2 9 18 16 154 33 22 30 42 13 4 64, 75 23 18 15 155 10 1 56 2 18 34 19 4 21 18 25
76 23 16 15 157 7 5 53 3 14 2 4 30 21 4 19 22 24, 81 24 10 14 158 7 5 54 3 13 2 6 26 44 26 22, 82 25 6 15 160 5 7 79 22 44 30 21
83 44 162 4 7 98 1 18 2 24 33 20, 84 42 164 3 6 97 3 17 3 22 36 19, 85 40 166 3 4 53 2 43 3 18 3 19 38 19, 86 38 168 4 1 53 4 43 1 39 41 18
86 37 170 57 4 81 43 18, 86 36 172 47 2 7 4 79 46 17, 86 35 174 46 2 9 1 78 48 17, 86 34 176 133 51 16, 86 33 186 42 10 70 53 16
86 31 190 38 14 26 2 19 3 16 55 16, 86 29 194 34 18 24 2 18 6 12 57 16, 86 27 198 30 22 42 6 10 59 16, 86 25 254 40 6 8 61 16, 87 23 257 39 4 7 63 16
87 22 260 38 2 6 65 16, 88 20 263 42 67 16, 88 20 269 30 73 16, 88 19 272 26 74 17, 88 19 274 22 76 17, 88 18 277 18 77 18, 89 17 372 18
90 15 372 5 3 10, 91 14 372 4 6 8, 2* 92 12 372 5 6 7, 92 12 372 6 4 3 2 2, 92 12 372 7 2 4 2 2, 6* 92 12 372 16, 91 13 372 16, 90 14 372 16
89 15 372 16, 88 16 372 16, 2* 87 17 372 17, 2* 86 18 372 18, 2* 85 19 372 9 2 8, 84 20 372 20, 84 19 373 20, 84 18 375 20, 84 17 376 20
2* 84 16 378 20, 84 15 380 13 1 6, 84 15 380 12 3 5, 2* 84 14 382 10 5 5, 83 14 384 9 5 6, 83 14 384 11 2 8, 82 14 386 21, 82 14 386 22
2* 81 15 387 6 2 13, 2* 80 16 388 20, 79 17 388 13 2 6, 78 18 388 13 2 6, 77 19 388 22, 76 20 388 22, 75 20 389 5 2 16, 74 21 389 5 2 16, 73 21 390 24
72 22 390 24, 71 22 392 23, 70 23 392 23, 69 23 394 22, 68 23 395 22, 67 23 397 8 3 10, 67 22 398 6 5 10, 66 22 400 5 6 9, 66 21 401 5 6 9
66 20 402 5 5 10, 66 19 403 6 3 11, 66 18 404 20, 66 17 405 20, 65 16 407 20, 65 14 409 20, 2* 64 14 410 20, 2* 64 13 411 20, 5* 64 12 412 20
64 12 412 5 2 13, 2* 64 12 411 5 3 12, 64 12 410 7 1 12, 64 12 410 20, 2* 65 12 408 20, 2* 66 12 406 20, 2* 66 13 404 20, 66 14 402 20
66 14 402 8 1 11, 67 14 400 7 3 10, 67 15 397 9 3 10, 68 15 394 12 1 10, 69 16 391 10 1 12, 70 17 388 10 3 10, 71 18 385 11 3 9, 72 19 382 12 2 9
73 35 363 24, 74 35 360 13 5 7, 75 35 357 14 6 6, 76 35 354 16 7 4, 77 35 352 17 7 3, 78 35 350 18 6 3, 79 35 348 20 4 3, 80 35 346 27, 81 35 344 27
83 34 342 27, 85 32 341 27, 87 31 339 27, 93 25 338 27, 95 24 336 26, 97 22 336 24, 99 21 334 24, 101 19 334 23, 102 19 332 12 2 9, 103 19 331 12 2 8
104 19 329 22, 104 20 328 22, 105 19 328 6 2 13, 105 19 328 5 4 12, 106 18 328 5 5 10, 106 18 328 4 6 10, 107 17 327 6 5 9, 107 17 327 7 2 11
108 16 326 9 1 10, 108 16 326 20, 2* 108 15 326 8 2 10, 6* 108 14 326 20, 108 13 327 7 3 10, 108 13 327 6 5 9, 2* 108 12 328 5 6 9, 107 12 329 6 5 9
106 13 329 6 3 11, 105 13 330 20, 104 14 330 20, 2* 103 14 331 21, 102 14 332 22, 102 13 333 22, 101 13 334 23, 101 12 335 23, 100 12 336 24
100 11 337 24, 99 5 3 3 339 24, 98 6 4 1 340 24, 97 8 2 1 342 24, 96 11 343 24, 95 11 345 2 2 20, 94 5 2 4 346 2 2 20, 93 5 4 2 348 24
92 6 4 1 350 23, 91 7 3 1 352 23, 91 10 354 23, 90 10 356 23, 90 9 358 24, 89 4 2 3 360 25, 89 4 2 2 362 26, 88 8 364 27, 88 8 365 16 2 18
88 8 366 14 4 19, 88 3 1 4 367 14 3 29, 88 2 3 3 368 47, 88 2 3 3 369 96, 88 3 1 4 370 97, 88 8 371 98, 88 8 372 99, 88 8 373 112
88 1 2 5 374 33 3 6 3 36 2 30, 88 1 2 5 375 30 5 7 3 33 5 31, 88 8 376 29 6 6 2 34 6 32, 88 8 377 28 6 42 6 37, 88 8 378 27 5 27 2 15 5 38
88 8 379 27 3 28 2 15 4 40, 88 8 380 119, 88 8 381 50 2 67, 88 8 383 14 2 30 5 67, 88 8 385 12 2 30 6 67, 88 8 387 42 6 68, 497 28 6 69, 499 26 6 70
501 25 4 72, 503 100, 545 60, 547 35 3 22, 553 29 4 23, 555 26 6 24, 569 12 6 25, 571 10 5 27, 573 9 3 28, 575 39, 585 29, 587 28, 589 26, 591 25
12* 592 24, 592 23, 591 23, 591 22, 2* 590 22, 2* 589 23, 2* 588 24, 587 18 2 5, 586 9 2 8 2 5, 585 9 4 14, 584 10 4 14, 584 10 4 7 2 4
584 12 1 8 2 4, 2* 584 26, 2* 584 25, 2* 584 24, 2* 583 6 2 16, 2* 582 24, 2* 581 24, 6* 580 24, 580 11 3 3 2 5, 580 10 5 2 2 5, 2* 580 9 6 9
580 10 4 10, 580 11 3 10, 2* 580 24, 2* 581 24, 2* 582 24, 2* 583 6 2 15, 2* 584 22, 2* 585 22, 2* 586 22, 2* 587 22, 2* 588 22, 2* 589 21, 2* 590 20
2* 591 20, 2* 592 20, 2* 592 13 2 6, 2* 592 22, 2* 593 22, 2* 594 22, 595 22, 595 12 3 7, 596 10 5 7, 596 10 4 8, 597 10 3 9, 597 22, 2* 598 22
2* 599 22, 2* 600 22, 2* 601 22, 2* 602 22, 2* 603 22, 2* 604 22, 2* 604 23, 14* 604 24, 2* 604 23, 2* 604 22, 603 22, 602 23, 601 23, 600 24
2* 599 24, 2* 598 24, 2* 597 8 2 14, 2* 596 24, 2* 595 24, 594 24, 594 23, 593 23, 593 22, 2* 592 22, 591 22, 591 12 3 7, 590 12 4 6, 590 12 4 5
589 4 2 7 4 4, 588 5 2 14, 587 21, 586 21, 585 21, 584 21, 583 21, 582 21, 581 16 2 3, 581 16 2 2, 3* 580 20, 580 10 3 7, 580 10 4 6, 580 5 2 2 5 6
579 5 4 2 3 6, 579 6 3 11, 2* 578 20, 2* 577 20, 2* 576 20, 2* 575 20, 2* 574 20, 2* 573 4 2 14, 2* 572 20, 2* 571 20, 2* 570 20, 2* 569 20
18* 568 20, 2* 569 19, 2* 570 18, 2* 571 18, 2* 572 18, 2* 573 18, 574 18, 574 9 2 7, 575 6 5 7, 575 6 6 6, 576 5 6 7, 577 4 6 7, 578 3 6 2 2 4
579 3 4 3 2 4, 2* 580 16, 581 4 2 10, 581 4 2 11, 582 17, 582 18, 583 18, 583 19, 584 19, 584 20, 2* 585 20, 2* 586 20, 2* 587 20, 2* 588 20, 588 21
588 22, 588 23, 588 24, 2* 588 25, 2* 588 26, 2* 588 27, 2* 588 28, 2* 588 29, 2* 588 30, 2* 588 31, 2* 588 32, 2* 587 33, 2* 586 34, 585 36, 585 37
584 39, 5* 584 40, 2* 585 39, 586 38, 587 37, 588 36, 589 35, 2* 590 34, 2* 591 33, 2* 592 32, 2* 592 33, 6* 592 34, 2* 592 35, 2* 592 36, 2* 591 38
2* 590 40, 2* 589 42, 2* 588 44, 587 46, 587 47, 586 49, 586 50, 585 52, 585 53, 584 55, 584 57, 2* 584 59 18 2, 2* 584 60 16 3, 583 62 14 5
582 63 14 4, 581 66 10 6, 580 83, 580 84, 2* 580 83, 4* 580 84, 580 85, 581 84, 582 83, 583 82, 584 82, 583 83, 6* 584 82, 584 83, 584 82, 585 82
3* 585 81, 2* 586 80
path 206928 466000
step -58 -111 23 -126 10 -127 2 -124 -64 -111 19 -122 80 -100 79 -100 97 -83 84 -97 92 -88 101 -79 87 -93 57 -114 30 -124 6 -128 25 -125 -9 -127
step -53 -117 -57 -114 -64 -111 -88 -93 -107 -68 -119 -47 -123 -30 -127 -9 -122 -39 -115 -57 -106 -71 -95 -85 -84 -96 -80 -100 -58 -112 -29 -125
step -2 -128 0 -128 4 -128 48 -118 50 -116 98 -83 95 -85 91 -91 88 -92 63 -111 37 -122 35 -123 34 -123 31 -124 47 -119 66 -110 60 -112 45 -120 4 -128
step 0 -127 0 -128 0 -128 2 -128 55 -113 105 -70 124 -31 126 -25 118 -48 98 -81 81 -99 61 -113 29 -124 -12 -126 -19 -126 0 -128 -12 -127 -25 -126
step -52 -116 -36 -123 -6 -127 -51 -116 -79 -100 -88 -94 -78 -101 -81 -99 -81 -99 -90 -90 -91 -91 -88 -93 -69 -107 -70 -108 -90 -89 -109 -66 -78 -100
step -35 -122 -3 -128 -3 -128 -63 -109 -27 -120 47 -118 71 -107 71 -106 75 -104 92 -88 121 -32 118 46 110 66 126 16 124 30 121 41 125 24 126 20 113 59
step 104 75 114 56 127 13 116 -47 117 -47 128 -1 128 0 128 0 127 -7 104 -73 63 -110 67 -108 101 -76 126 1 120 39 105 -68 91 -90 94 -87 108 -67 113 -62
step 116 -53 127 -7 125 -22 111 -62 54 -111 -24 -125 31 -120 113 -57 126 -14 125 26 99 76 65 110 77 102 96 84 125 17 126 19 127 13 125 23 104 74
step 100 79 125 21 115 54 93 87 79 101 32 122 39 120 52 116 5 128 19 126 35 123 76 101 111 65 82 96 29 123 1 128 27 125 33 123 25 124 41 120 -31 123
step -55 114 7 126 16 127 0 128 0 128 17 125 72 105 100 80 83 96 22 125 73 103 100 79 87 94 62 111 43 121 40 121 72 105 91 91 110 64 122 35 128 0
step 128 1 128 3 127 -2 122 -38 118 -48 125 -21 102 -76 93 -88 108 -66 124 5 108 69 54 111 21 124 98 80 120 43 127 3 128 -1 124 -28 123 -34 124 25
step 99 80 96 80 120 -29 94 -86 98 -82 125 -16 114 55 112 60 126 -11 113 -57 108 -68 118 -49 100 -79 93 -89 113 -53 128 -2 124 -23 113 -60 127 -15
step 121 -38 125 -24 121 33 95 86 96 83 119 46 114 53 32 121 0 128 0 128 6 127 -3 126 -65 110 -26 122 42 120 66 109 -6 125 -42 121 23 124 76 102
step 56 113 26 125 11 127 91 75 113 54 82 98 108 66 100 75 41 121 -6 127 -42 121 -41 121 -30 124 21 124 -37 120 -94 83 -126 1 -120 19 -87 94 -81 99
step -90 91 -83 97 -66 110 -72 105 -60 111 -12 128 -30 124 -56 114 -73 105 -52 117 -51 117 -17 126 26 125 -17 126 -11 127 5 127 37 123 56 115 75 104
step 50 116 47 118 84 97 97 83 119 41 128 2 128 4 124 30 109 66 91 90 96 84 119 40 123 -31 125 -26 127 -11 98 -79 83 -97 119 -41 123 -35 125 -25
step 122 31 99 81 66 109 85 95 115 53 127 14 128 -1 123 -31 123 -31 128 -1 128 -2 125 -26 128 -4 126 15 114 58 98 82 85 95 80 100 89 92 77 102 36 122
step 22 126 -11 127 -57 114 -26 123 25 125 5 128 -1 128 -50 115 -44 118 28 124 58 113 -4 126 -59 113 -24 124 0 128 0 128 0 128 0 128 0 128 13 127
step 59 113 25 124 30 123 79 100 90 91 76 102 12 127 0 128 0 128 0 128 0 128 0 128 10 127 65 109 8 124 -78 100 -107 66 -128 7 -110 58 -43 117 -5 127
step -63 108 -108 67 -119 47 -107 70 -85 94 -48 118 5 126 67 109 45 117 -26 124 -64 111 -84 96 -48 116 -1 128 0 128 0 127 20 125 85 95 101 79 88 92
step 78 101 69 107 7 127 0 128 29 123 69 108 58 113 36 123 35 123 41 121 39 122 31 124 14 127 4 128 35 122 47 119 24 126 20 126 26 125 5 128 26 125
step 5 128 33 121 85 94 91 91 90 90 90 92 56 112 3 128 0 128 0 128 4 127 59 113 33 121 0 64
branch 1744 3668 1748 3672 1748 3673 1748 3674 1748 3675 1747 3676 1746 3678
bpath 223312 469584
bstep 110 60 126 12 114 55 102 76 58 110 2 127 0 127 0 127 0 128 -13 125 -91 85 -90 90 -59 110 -3 48
branch 1712 3590 1714 3591 1714 3592 1714 3593 1714 3594 1713 3595
bpath 219216 459600
bstep 126 0 114 40 36 120 4 125 0 126 -1 125 -57 98 -94 6
branch 1617 3595 1612 3588 1610 3579 1611 3576 1615 3574 1615 3572
bpath 207056 460240
bstep -30 -124 -3 -128 -37 -121 -81 -98 -97 -83 -115 -55 -100 -79 -91 -90 -78 -101 -68 -108 -76 -103 -49 -117 3 -127 45 -119 9 -128 -3 -127 -50 -117
bstep -57 -114 -40 -121 -41 -120 17 -125 86 -95 95 -82 81 -97 117 -44 128 -8 124 -31 111 -61 35 -118 -77 -96 -14 -7
block 1747 3673 0 WHOLE
block 1755 3726 0 WHOLE
block 1630 3562 0 WHOLE
block 1745 3726 0 WHOLE
block 1747 3671 0 WHOLE
block 1664 3580 0 WHOLE
block 1630 3564 0 NORTH
block 1716 3593 0 WHOLE
block 1714 3594 0 WEST
block 1609 3614 0 WHOLE
block 1613 3571 0 WEST
block 1629 3562 0 WHOLE
block 1746 3726 0 WHOLE
block 1714 3592 0 WEST
block 1611 3613 0 WHOLE
block 1751 3726 0 WHOLE
block 1609 3616 0 WHOLE
block 1754 3726 0 WHOLE
block 1612 3568 0 WEST
block 1746 3673 0 WHOLE
block 1629 3565 0 WHOLE
block 1749 3674 0 WHOLE
block 1612 3570 0 WHOLE
block 1715 3593 0 EAST
block 1614 3569 0 WHOLE
block 1746 3671 0 WHOLE
block 1744 3674 0 WHOLE
block 1747 3675 0 WHOLE
block 1744 3672 0 WHOLE
block 1749 3672 0 WHOLE
block 1664 3578 0 WHOLE
block 1664 3579 0 WHOLE
block 1744 3671 0 WHOLE
block 1747 3672 0 WHOLE
block 1630 3563 0 SOUTH
block 1609 3613 0 WHOLE
block 1630 3565 0 WHOLE
block 1609 3615 0 WHOLE
block 1743 3726 0 WHOLE
block 1714 3593 0 WEST
block 1605 3571 0 WHOLE
block 1611 3614 0 WHOLE
block 1713 3587 0 WHOLE
block 1746 3675 0 WHOLE
block 1629 3563 0 SOUTH
block 1746 3674 0 WHOLE
block 1629 3564 0 NORTH
block 1611 3615 0 EAST
block 1612 3569 0 WEST
block 1749 3675 0 WHOLE
block 1612 3571 0 WHOLE
block 1715 3594 0 EAST
block 1614 3568 0 WHOLE
block 1746 3672 0 WHOLE
block 1744 3675 0 WHOLE
block 1749 3673 0 WHOLE
block 1662 3578 0 WHOLE
block 1744 3673 0 WHOLE
block 1715 3592 0 EAST
block 1749 3671 0 WHOLE
block 1747 3674 0 WHOLE
allow 1711 3589 0 NORTH
allow 1598 3563 0 WHOLE
allow 1616 3636 0 WHOLE
allow 1596 3563 0 WHOLE
allow 1599 3564 0 WHOLE
allow 1596 3562 0 WHOLE
allow 1597 3564 0 WHOLE
allow 1615 3636 0 WHOLE
allow 1597 3563 0 WHOLE
allow 1597 3562 0 WHOLE
allow 1598 3564 0 WHOLE
surface 1663 3580 0 WHOLE
surface 1663 3578 0 WHOLE
surface 1663 3579 0 WHOLE
dive 1674 3590 0 EAST
dive 1674 3591 0 EAST
dive 1675 3590 0 WHOLE
dive 1624 3584 0 SOUTH
dive 1621 3583 0 WHOLE
dive 1674 3592 0 EAST
dive 1675 3591 0 WHOLE
dive 1621 3584 0 SOUTH
dive 1674 3593 0 EAST
dive 1675 3592 0 WHOLE
dive 1622 3583 0 WHOLE
dive 1622 3584 0 SOUTH
dive 1675 3593 0 WHOLE
dive 1623 3583 0 WHOLE
dive 1624 3583 0 WHOLE
dive 1623 3584 0 SOUTH
lake 0 1584 3564 1594 3563
fish 75
water 6321 14236
4* 3 8, 0 47, 2* 2 45, 3 44, 4* 3 48, 4* 3 52, 4* 3 56, 3 64, 2* 4 63, 5 62, 5 37 10 27, 6 34 13 26, 6 32 16 25, 7 29 19 24, 8 26 22 23, 10 22 25 22
12 18 28 21, 14 14 31 20, 59 16, 2* 60 15, 61 14, 61 10, 2* 62 9, 63 8
allow 1594 3562 0 WHOLE
allow 1598 3563 0 WHOLE
allow 1595 3561 0 WHOLE
allow 1597 3564 0 WHOLE
allow 1592 3560 0 WHOLE
allow 1598 3564 0 WHOLE
allow 1595 3562 0 WHOLE
allow 1596 3563 0 WHOLE
allow 1595 3563 0 WHOLE
allow 1599 3564 0 WHOLE
allow 1596 3562 0 WHOLE
allow 1593 3560 0 WHOLE
allow 1597 3563 0 WHOLE
allow 1594 3561 0 WHOLE
allow 1593 3561 0 WHOLE
allow 1597 3562 0 WHOLE
allow 1594 3560 0 WHOLE
lake 0 1722 3684
fish 75
water 6876 14720
11 2, 9 6, 7 10, 5 14, 4 16, 2* 3 18, 2* 2 20, 2* 1 22, 18* 0 24, 2* 1 22, 2* 2 20, 2* 3 18, 4 16, 5 14, 7 10, 9 6, 11 2
block 1721 3684 0 SOUTH
block 1721 3685 0 NORTH
