route 0 1383 3469 1383 3470 1383 3471 1383 3472 1383 3478 1366 3494 1361 3509 1324 3507 1297 3512 1276 3516 1271 3527 1263 3537
kind barbarian
water 4984 13840
552 11, 552 14, 552 16, 552 18, 529 43, 528 45, 526 49, 525 51, 524 53, 523 55, 522 57, 521 59, 520 61, 519 63, 2* 518 65, 517 67, 2* 516 69
2* 515 71, 2* 514 73, 3* 513 75, 4* 512 77, 511 76, 511 74, 511 72, 511 71, 511 70, 511 69, 511 68, 511 66, 510 65, 510 63, 510 62, 2* 510 61
510 43 1 16, 510 17 6 4 3 11 3 10 2 4, 510 15 10 2 4 9 4 8 4 3, 509 14 12 3 4 7 4 8 4 4, 510 11 15 3 3 8 2 9 3 4, 510 9 17 4 2 26, 510 7 19 32
509 6 21 32, 510 3 23 32, 510 1 25 32, 28* 536 32, 2* 535 34, 534 36, 534 36 10 11, 534 37 8 13, 534 39 5 13, 534 41 2 14, 534 57, 2* 533 58, 532 59
532 55, 531 55, 531 54, 2* 530 54, 529 55, 528 56, 527 57, 526 58, 525 59, 524 60, 523 61, 522 29 14 19, 521 28 18 17, 519 24 26 15, 517 24 29 14
515 24 31 14, 513 25 33 13, 511 26 34 12, 509 27 36 10, 491 44 37 9, 489 45 38 9, 487 46 39 8, 485 47 40 7, 484 47 41 6, 483 46 43 5, 482 45 45 4
481 44 47 3, 480 43 49 2, 479 42 50 2, 478 37 56 1, 477 36 57 1, 476 35, 475 35, 474 35, 473 35, 472 35, 471 34, 471 32, 470 31, 470 29, 469 29
469 28, 468 28, 468 27, 468 26, 468 25, 2* 468 24, 2* 468 23, 2* 468 22, 2* 468 21, 14* 468 20, 2* 468 19, 2* 468 18, 467 18, 343 22 102 18
341 26 99 18, 340 33 93 18, 339 36 91 18, 338 43 85 18, 337 46 83 18, 335 50 81 18, 333 54 78 18, 331 58 76 18, 329 62 73 18, 320 73 71 18
319 76 68 18, 318 29 22 28 66 18, 317 28 26 28 63 18, 316 27 34 23 62 18, 315 27 37 22 60 19, 314 27 44 17 59 19, 313 27 47 16 57 20
312 19 58 16 55 20, 311 18 61 17 52 21, 310 19 62 18 50 21, 309 19 64 19 47 22, 308 19 66 20 45 22, 307 18 70 20 42 23, 306 17 74 20 39 24
305 16 78 20 36 25, 304 15 82 19 34 26, 303 15 85 18 32 27, 303 14 88 17 30 28, 302 14 91 16 28 29, 167 18 117 13 94 16 25 30
165 22 114 13 97 16 22 31, 163 30 107 13 100 16 18 33, 161 34 104 13 103 16 14 35, 159 38 101 13 106 63, 157 42 98 13 108 62, 155 50 90 14 110 61
153 54 86 15 112 60, 151 58 82 17 113 59, 149 62 78 18 116 58, 147 74 66 20 118 56, 145 78 62 21 121 55, 127 106 51 22 123 53, 125 110 48 22 125 53
123 114 45 23 126 54, 121 118 42 23 128 55, 120 121 38 24 129 71, 119 124 34 25 131 69, 118 131 22 30 132 69, 117 134 18 31 134 67
116 59 22 102 135 67, 115 58 26 99 137 65, 114 57 34 92 138 65, 113 57 37 89 140 63, 112 58 39 86 142 61, 111 58 42 83 144 60, 110 59 48 76 146 58
109 59 51 73 148 56, 108 60 65 58 150 55, 107 60 68 55 153 52, 106 61 70 52 156 49, 105 61 73 49 159 47, 104 61 76 46 162 38, 103 61 79 42 165 35
103 60 82 38 168 32, 102 59 86 34 171 29, 102 57, 101 56, 101 54, 100 53, 100 31, 100 30, 100 29, 100 28, 67 10 23 28, 65 14 21 27, 64 17 19 27
63 20 17 26, 62 22 16 26, 2* 61 24 15 25, 2* 60 26 14 24, 2* 60 27 13 24, 2* 60 28 12 24, 60 29 10 26, 60 29 10 27, 60 30 7 30, 60 30 6 32, 60 31 4 34
60 31 3 35, 60 32 1 37, 60 70, 2* 61 70, 2* 62 70, 2* 63 69, 64 68, 65 67, 66 66, 67 65, 68 64, 67 65, 65 67, 63 69, 61 71, 60 72, 59 73, 58 74, 57 75
55 76, 53 77, 51 78, 49 79, 39 89, 37 90, 36 91, 35 91, 34 92, 33 92, 33 62 2 28, 32 61 6 25, 32 55 13 24, 31 54 14 25, 30 55 14 25, 29 55 14 26
26 57 15 26, 26 56 16 26, 26 55 17 26, 25 55 18 26, 26 54 18 26, 2* 26 55 18 24, 26 57 17 22, 26 17 6 36 15 22, 26 15 10 36 12 22, 26 15 12 36 10 22
26 14 14 37 6 23, 27 13 14 64, 27 14 14 61, 27 14 14 59, 27 16 13 56, 28 17 11 54, 28 19 8 55, 28 21 6 55, 28 23 2 57, 3* 29 81, 2* 30 79, 2* 31 78
2* 32 76, 33 75, 33 74, 34 73, 34 17 2 26 10 17, 35 14 6 22 14 15, 36 13 8 18 18 12, 36 12 11 14 22 10, 37 10 50 7, 38 8 52 5, 38 7 54 4, 39 5 56 2
100 1
path 177104 444112
step -12 127 -34 123 29 123 17 126 0 127 0 128 16 127 16 126 -8 128 7 127 1 128 -11 127 -74 103 -90 91 -91 89 -101 79 -94 86 -91 91 -90 90 -91 91
step -96 84 -112 61 -117 51 -121 41 -117 53 -121 39 -118 49 -120 43 -124 31 -117 50 -95 85 -91 90 -83 97 -42 119 -49 117 -65 109 -15 126 -18 126
step -14 127 0 128 -18 126 -38 122 -24 126 -43 120 -46 119 -40 122 -31 124 -31 124 -34 123 -71 105 -97 81 -41 119 -89 92 -118 41 -128 1 -128 1 -125 22
step -126 -8 -116 -54 -119 -46 -115 -56 -115 -57 -107 -69 -99 -81 -108 -70 -113 -58 -115 -57 -114 -58 -113 -60 -107 -70 -105 -72 -105 -75 -113 -58
step -120 -46 -121 -39 -126 -24 -122 -38 -126 -24 -125 -22 -128 -1 -128 0 -128 0 -128 0 -124 23 -108 68 -108 70 -120 42 -121 39 -122 41 -113 59
step -100 79 -91 89 -100 80 -96 85 -84 96 -79 101 -79 100 -86 95 -94 87 -102 77 -102 77 -94 86 -99 82 -102 76 -116 53 -125 26 -128 1 -128 0 -128 0
step -128 0 -127 0 -128 -2 -124 -33 -121 -41 -116 -54 -114 -57 -122 -36 -128 -1 -127 -12 -122 -38 -127 -15 -124 -27 -116 -53 -118 -46 -126 -21
step -122 -38 -124 -31 -127 -10 -125 -26 -128 -3 -128 0 -128 1 -124 29 -114 57 -111 63 -95 85 -91 91 -98 82 -117 50 -125 22 -128 0 -128 0 -128 1
step -122 34 -110 66 -106 70 -90 92 -78 100 -77 103 -58 113 -25 125 -12 127 0 128 0 128 0 128 -6 127 -68 107 -94 86 -120 39 -107 67 -114 54 -125 27
step -128 6 -126 14 -100 78 -93 89 -101 78 -93 88 -90 90 -89 92 -49 116 5 127 37 122 49 118 68 108
block 1310 3515 0 SOUTH
block 1382 3471 0 WHOLE
block 1386 3472 0 WHOLE
block 1382 3472 0 WHOLE
block 1311 3515 0 SOUTH
block 1357 3514 0 WHOLE
block 1387 3472 0 WHOLE
block 1310 3516 0 NORTH
block 1384 3471 0 WHOLE
block 1384 3472 0 WHOLE
block 1311 3516 0 NORTH
block 1312 3515 0 SOUTH
block 1380 3472 0 WHOLE
block 1393 3482 0 WHOLE
block 1385 3472 0 WHOLE
block 1312 3516 0 NORTH
block 1381 3472 0 WHOLE
block 1393 3481 0 WHOLE
allow 1257 3534 0 WHOLE
allow 1259 3533 0 WHOLE
allow 1258 3534 0 WHOLE
lake 0 1273 3543 1263 3538 1253 3539
fish 65
kind barbarian
water 4980 14128
4* 72 4, 60 28, 35 1 24 28, 34 2 24 28, 33 3 24 28, 27 21 8 31, 25 23 8 30, 23 25 8 29, 21 27 8 28, 16 68, 2* 16 69, 16 71, 12 35 6 36, 12 33 10 36
12 33 12 36, 12 32 14 37, 12 32 14 38 16 4, 2* 13 32 14 37 16 4, 15 32 13 36 16 4, 17 32 11 68, 19 32 8 69, 21 32 6 69, 23 32 2 71, 25 107, 2* 27 105
2* 28 104, 27 105, 26 106, 25 107, 4* 24 108, 25 30 2 26 10 39, 27 26 6 22 14 36, 27 26 8 18 18 34, 28 24 11 14 22 31, 37 14 50 29, 39 11 52 27
41 8 54 26, 43 5 56 24, 104 23, 105 21, 105 20, 2* 106 18, 2* 107 16, 2* 108 14, 2* 108 13, 108 12, 108 11, 108 10, 108 9, 2* 108 8, 2* 109 6, 111 2
allow 1257 3534 0 WHOLE
allow 1259 3533 0 WHOLE
allow 1258 3534 0 WHOLE
hide 1274 3546 0 WHOLE
hide 1275 3545 0 WEST
hide 1273 3547 0 WHOLE
hide 1249 3536 0 WHOLE
hide 1263 3542 0 WHOLE
hide 1277 3541 0 WHOLE
hide 1276 3539 0 WHOLE
hide 1255 3542 0 WHOLE
hide 1249 3537 0 WHOLE
hide 1256 3543 0 WHOLE
hide 1263 3541 0 WHOLE
hide 1274 3545 0 WHOLE
hide 1262 3542 0 WHOLE
hide 1277 3540 0 WHOLE
lake 0 1383 3468
kind barbarian
water 5508 13848
4* 24 4, 4* 12 28, 4* 8 36, 12* 4 44, 4* 0 52, 5* 4 44, 2* 4 43, 4 25 1 16, 9 4 3 11 3 10 2 4, 11 2 4 9 4 8 4 3, 11 3 4 7 4 8 4 4, 12 3 3 8 2 9 3 4
12 4 2 26, 3* 12 32, 4* 12 28, 4* 24 4
block 1382 3471 0 WHOLE
block 1386 3472 0 WHOLE
block 1384 3472 0 WHOLE
block 1382 3472 0 WHOLE
block 1380 3472 0 WHOLE
block 1387 3472 0 WHOLE
block 1385 3472 0 WHOLE
block 1381 3472 0 WHOLE
block 1384 3471 0 WHOLE
