route 0 3192 2436 3205 2422 3206 2417
fish 50
water 12732 9672
88 12, 87 13, 86 14, 85 15, 84 16, 83 17, 82 18, 81 19, 76 24, 75 25, 74 26, 73 27, 72 28 16 4, 72 29 14 6, 72 30 12 8, 72 31 10 10, 72 52, 71 53
70 54, 69 55, 68 52, 67 53, 66 54, 65 55, 56 63, 55 63, 54 63, 53 63, 48 68, 47 69, 46 70, 45 71, 4* 44 72, 44 71, 43 71, 42 71, 41 71, 40 71, 39 71
38 71, 37 71, 36 71, 35 71, 34 71, 33 71, 32 71, 32 70, 32 69, 32 68, 32 67, 32 66, 32 65, 32 64, 32 59, 32 58, 32 57, 32 56, 32 55, 32 54, 32 53
9* 32 52, 32 48, 31 49, 30 50, 29 51, 28 19 6 23, 27 19 8 22, 26 19 10 21, 25 19 12 20, 24 20 13 19, 24 20 14 18, 24 20 15 17, 24 20 16 16, 25 18 26 3
26 16 28 2, 27 14 30 1, 28 12
path 408656 311888
step 63 -111 64 -111 75 -104 88 -92 91 -91 98 -81 125 -19 115 -50 92 -88 91 -91 91 -90 103 -75 109 -66 110 -66 96 -84 90 -91 63 -109 4 -128 9 -127
step 65 -110 22 -124 10 -127 56 -115 30 -122 0 -96
route 0 3206 2386 3205 2378 3204 2370
fish 50
water 12780 9456
4* 16 44, 8* 12 52, 4* 8 56, 8 55, 8 54, 8 53, 8 52, 8 51, 8 50, 8 49, 8 48, 4 51, 4 50, 4 49, 4 48, 4* 8 44, 8 43, 8 42, 8 41, 8 40, 8 15 6 19
8 14 8 18, 8 13 10 17, 8 12 12 16, 8 3 22 15, 8 1 25 14, 35 13, 36 12, 37 11, 38 10, 39 9, 26* 40 8, 40 9, 40 10, 40 11, 16* 40 12
path 410448 305488
step 0 -127 0 -128 -20 -125 -37 -122 -7 -126 0 -128 -1 -127 -30 -123 -2 -126 1 -128 0 -127 -24 -125 -40 -120 -48 -119 -19 -125 -26 -124 -3 -48
route 0 3206 2411 3209 2402 3210 2395 3206 2387
fish 50
water 12788 9552
32 5 3 4, 32 13, 32 14, 32 15, 32 16, 32 17, 32 18, 32 19, 32 20, 32 21, 32 22, 32 23, 33 23, 34 22, 35 21, 2* 36 20, 36 21, 36 22, 36 23, 4* 36 24
37 23, 38 22, 39 21, 5* 40 20, 41 19, 42 18, 43 17, 10* 44 16, 43 17, 42 18, 41 19, 8* 40 20, 40 19, 40 18, 40 17, 9* 40 16, 40 15, 40 14, 40 13
2* 40 12, 39 13, 38 14, 37 15, 4* 36 16, 36 15, 36 14, 36 13, 36 12, 36 11, 36 10, 36 9, 36 4 1 3, 4* 36 1 5 2
path 410384 308592
step 16 -125 73 -105 76 -102 76 -102 46 -117 22 -125 23 -125 25 -125 56 -114 4 -126 24 -125 35 -122 4 -128 26 -123 66 -110 31 -121 2 -127 -33 -120
step -87 -93 -90 -90 -86 -95 -79 -100 -89 -91 -88 -92 -52 -113 -1 -96
branch 3209 2402 3209 2397 3208 2395 3208 2393 3207 2391
bpath 410832 307536
bstep -31 -122 28 -125 32 -123 3 -128 -26 -123 -82 -98 -68 -107 -28 -124 -8 -124 47 -118 -15 -124 -94 -85 -14 -7
block 3209 2395 0 WHOLE
lake 0 3193 2435 3200 2434 3208 2425
fish 75
water 12740 9680
4* 80 12, 76 16 16 4, 76 17 14 5, 76 18 12 6, 76 19 10 7, 4* 72 44, 72 43, 72 42, 72 41, 72 40, 72 39, 72 38, 72 37, 72 36, 4* 68 40, 4* 72 36, 72 35
72 34, 72 33, 72 32, 60 4 8 31, 60 4 8 30, 60 4 8 29, 60 4 8 28, 32 4 12 51, 32 4 12 50, 32 4 12 49, 32 4 12 48, 24 71, 24 70, 24 69, 24 68, 4* 24 60
24 59, 24 58, 24 57, 24 56, 24 55, 24 54, 24 53, 10* 24 52, 23 53, 22 54, 21 55, 20 19 6 31, 19 19 8 30, 18 19 10 29, 17 19 12 28, 16 20 13 26
16 20 14 24, 16 20 15 22, 16 20 16 20, 17 18 26 6, 18 16 28 4, 19 14 30 2, 20 12
allow 3202 2427 0 WHOLE
allow 3196 2429 0 WHOLE
allow 3192 2429 0 WHOLE
allow 3202 2428 0 WHOLE
allow 3211 2422 0 WHOLE
allow 3213 2421 0 WHOLE
allow 3206 2431 0 WHOLE
allow 3194 2429 0 WHOLE
allow 3212 2423 0 WHOLE
allow 3207 2431 0 WHOLE
allow 3195 2429 0 WHOLE
allow 3202 2426 0 WHOLE
allow 3201 2428 0 WHOLE
allow 3191 2429 0 WHOLE
