route 0 2505 3437 2501 3426 2506 3422 2516 3417 2522 3412 2530 3411 2536 3405 2534 3399 2538 3395 2546 3391 2551 3386 2557 3378 2562 3375 2569 3365 2575 3361 2581 3363 2584 3363 2589 3359 2590 3355 2596 3346 2600 3333 2599 3321 2594 3313 2594 3309 2597 3292 2591 3279 2587 3266 2579 3257 2566 3260 2558 3250 2552 3240 2544 3235 2529 3231 2509 3222 2498 3210 2486 3197 2482 3191 2484 3186 2477 3177 2477 3163 2467 3150 2452 3140 2444 3132 2455 3124 2477 3105 2476 3083 2458 3078 2441 3076
water 9736 12300
24 13, 23 16, 22 19, 21 22, 20 41 70 18, 20 43 66 22, 20 45 62 26, 20 47 58 30, 20 136, 20 137, 20 138, 20 139, 20 19 10 111, 21 16 14 110
21 14 18 109, 23 10 22 108, 57 107, 58 107, 59 107, 60 107, 60 19 30 10 14 36, 61 16 34 6 18 36, 61 14 62 36, 62 12 64 37, 62 12 65 37, 63 11 66 37
63 11 67 37, 64 10 69 36, 64 10 71 35, 64 11 71 35, 64 11 72 35, 64 12 72 35, 64 12 73 35, 64 12 74 35, 64 12 75 34, 64 12 76 34, 64 12 77 33
64 12 78 33, 64 12 79 32, 2* 64 12 80 32, 2* 63 12 82 32, 2* 62 12 84 32, 2* 62 11 86 32, 2* 62 10 88 32, 2* 61 11 88 33, 2* 60 12 88 34, 2* 60 12 89 33
2* 60 12 90 32, 2* 60 12 91 31, 2* 60 12 92 30, 2* 60 12 92 29, 6* 60 12 92 28, 2* 61 11 92 28, 6* 62 10 92 28, 2* 63 10 91 28, 2* 64 10 90 28, 2* 65 10 90 27
2* 66 10 90 26, 2* 67 9 91 25, 6* 68 8 92 24, 2* 67 9 92 24, 2* 66 10 92 24, 2* 65 11 92 23, 2* 64 12 92 22, 63 12 93 21, 62 13 93 21, 61 13 94 20
59 15 94 20, 57 16 94 21, 55 18 94 21, 53 19 94 22, 52 19 95 22, 51 19 95 23, 50 19 95 24, 49 19 95 25, 47 20 95 26, 45 21 96 26, 27 38 97 26
25 39 98 26, 24 39 99 26, 23 39 100 26, 22 39 101 26, 21 39 102 26, 20 39 103 26, 19 38 104 27, 19 36 106 27, 18 35 107 28, 18 25 117 28, 17 24 118 29
17 22 120 29, 16 21 121 30, 16 19 123 30, 17 17 123 30, 17 16 124 30, 18 14 124 30, 18 14 124 29, 18 13 124 29, 18 13 124 28, 18 12 124 28
18 12 124 27, 17 12 124 27, 17 12 122 28, 16 12 121 29, 16 12 120 29, 15 13 119 29, 15 13 118 29, 14 14 117 29, 14 14 116 29, 14 14 115 29
14 14 114 29, 14 14 113 29, 14 14 112 29, 14 14 111 29, 14 14 110 29, 14 14 109 28, 14 14 108 27, 14 14 107 26, 14 14 107 24, 14 14 106 23
14 14 106 17, 14 13 106 17, 14 13 106 16, 2* 14 12 106 16, 15 10 106 16, 15 10 105 17, 16 8 105 17, 16 8 104 18, 16 7 104 18, 16 7 103 19, 16 6 103 19
16 6 102 20, 16 5 102 21, 16 5 101 22, 16 4 101 23, 16 4 100 24, 2* 16 4 99 25, 2* 16 4 98 26, 2* 16 5 96 26, 2* 16 6 94 26, 17 6 92 26, 17 6 91 27
18 6 89 27, 18 6 84 31, 18 7 82 31, 18 7 81 31, 18 8 79 31, 18 8 73 36, 17 10 70 37, 17 10 68 38, 16 12 65 39, 16 12 51 48, 16 13 48 48, 16 13 47 47
16 14 45 46, 16 14 44 41, 17 14 42 40, 17 14 36 44, 18 14 33 44, 18 14 31 44, 19 14 28 44, 19 14 26 44, 20 14 23 44, 20 14 13 52, 20 15 10 52
20 15 10 50, 20 16 8 49, 20 16 8 35, 19 18 6 34, 19 18 6 32, 18 21 2 32, 18 41, 17 41, 17 40, 16 40, 15 40, 13 41, 11 42, 9 43, 8* 4 48, 8 44, 2* 8 45
8 46, 8 18 1 27, 8 16 5 26, 9 12 9 27, 11 7 12 29, 33 27, 35 26, 37 24, 39 23, 45 17, 2* 47 16, 48 16, 49 15, 50 15, 51 15, 52 15, 53 15, 54 15, 55 14
56 14, 57 13, 2* 59 12, 2* 60 12, 61 12, 61 13, 63 12, 65 11, 66 11, 67 11, 68 11, 69 12, 70 13, 71 14, 72 15, 72 21, 2* 73 22, 75 21, 85 11, 87 10
87 10 38 6, 88 11 34 10, 89 16 27 12, 91 16 24 14, 93 16 21 15, 95 16 18 18, 97 20 10 21, 99 20 6 24, 99 51, 100 51, 101 51, 103 50, 105 48, 107 47
109 45, 2* 111 44, 2* 112 44, 2* 111 46, 110 49, 110 51, 2* 109 54, 2* 108 56, 2* 108 55, 6* 108 54, 2* 109 54, 2* 110 54, 2* 111 53, 112 52, 113 51, 114 49
115 48, 116 45, 117 42, 2* 119 38, 2* 120 36, 2* 121 35, 123 33, 129 27, 131 26, 133 25, 135 24, 145 15, 147 14, 149 12, 2* 150 12, 2* 151 12, 2* 152 12
2* 153 12, 154 13, 154 18, 155 18, 155 19, 156 19, 157 19, 159 18, 161 16, 163 15, 169 9, 170 9, 171 8, 6* 172 8, 2* 171 8, 2* 170 8, 2* 169 8, 6* 168 8
2* 169 8, 2* 170 8, 2* 171 8, 2* 172 8, 2* 173 7, 2* 174 6, 2* 175 6, 2* 176 6, 2* 176 7, 6* 176 8, 2* 175 8, 2* 174 8, 2* 173 8, 2* 172 8, 2* 171 9, 6* 170 10
2* 170 11, 2* 170 12, 2* 171 12, 2* 172 12, 2* 173 12, 2* 174 12, 175 12, 175 14, 176 15, 177 16, 178 17, 179 18, 180 19, 181 19, 182 19, 183 19, 184 19
189 15, 191 14, 193 13, 194 13, 194 14, 2* 195 13, 6* 196 12, 2* 195 12, 2* 194 12, 2* 193 12, 192 12, 192 11, 191 11, 191 10, 2* 190 10, 189 11, 189 9
2* 188 9, 187 9, 187 10, 186 11, 186 12, 2* 185 13, 3* 184 15, 184 16, 2* 184 18, 2* 185 18, 186 18, 186 19, 187 20, 187 21, 188 21, 189 21, 191 20, 193 19
195 18, 197 17, 199 16, 201 14, 203 13, 205 11, 206 10, 207 9, 2* 208 8, 2* 209 8, 210 9, 210 11, 211 12, 211 13, 212 13, 212 14, 213 14, 213 15, 215 14
217 13, 219 12, 221 10, 2* 222 10, 2* 223 9, 2* 224 8, 2* 224 9, 2* 224 10, 225 10, 225 12, 226 13, 226 19, 227 20, 227 21, 228 21, 229 21, 231 20, 233 19
235 18, 237 17, 239 16, 241 16, 243 16, 245 15, 246 15, 247 15, 248 15, 248 16, 249 16, 249 17, 250 17, 250 18, 251 18, 251 19, 252 19, 253 19, 255 18
257 16, 259 15, 261 13, 263 11, 265 9, 2* 266 8, 2* 267 8, 268 8, 269 7, 270 7, 271 7, 272 7, 272 8, 2* 272 9, 2* 272 10, 273 10, 273 12, 274 13, 275 18
276 19, 277 19, 278 19, 279 19, 280 19, 281 19, 283 18, 289 13, 291 12, 293 10, 2* 294 10, 2* 295 10, 2* 296 10, 297 10, 297 12, 298 13, 299 22, 300 23
301 28, 302 29, 303 29, 304 29, 305 29, 307 28, 313 23, 315 22, 329 9, 331 8, 333 7, 334 7, 335 7, 336 7, 337 8, 338 9, 339 10, 340 11, 341 11, 342 11
343 11, 344 11, 345 12 46 22, 347 12 42 26, 349 12 38 30, 351 12 34 34, 353 28 14 37, 354 29 10 40, 355 52 14 12, 356 49 18 11, 357 42 26 9
359 39 28 9, 361 36 30 8, 363 33 32 8, 377 18 34 7, 379 14 37 7, 381 10 40 7, 383 6 43 7, 432 8, 433 8, 433 9, 434 9, 434 10, 2* 435 10, 436 10, 437 9
438 9, 439 8, 6* 440 8, 2* 440 9, 2* 440 10, 441 10, 441 12, 442 13, 443 30, 444 31, 445 31, 446 31, 447 31, 448 31, 449 31, 451 30, 469 13, 471 12
473 10, 2* 474 10, 2* 475 9, 2* 476 8, 2* 477 8, 2* 478 8, 2* 479 8, 2* 480 8, 2* 480 9, 2* 480 10, 2* 481 10, 2* 482 10, 2* 483 10, 484 10, 485 9, 486 9, 487 8
488 8, 488 13, 2* 489 14, 2* 490 14, 2* 491 13, 2* 492 12, 2* 493 12, 494 13, 494 14, 495 14, 495 15, 496 15, 501 11, 2* 503 10, 2* 504 10, 2* 504 11, 504 12
505 12, 506 13, 507 14, 508 15, 509 15 48 9, 511 14 46 12, 513 12 46 14, 515 11 43 18, 517 9 29 34, 518 8 27 38, 519 7 26 41, 520 6 25 44
520 6 24 28 1 17, 520 7 22 27 5 16, 520 7 22 24 9 15, 520 8 20 22 12 16, 520 9 19 11 26 13, 521 10 16 10 30 12, 521 12 14 8 34 10, 522 13 10 9 36 10
522 32 36 11, 523 30 38 12, 523 30 38 14, 524 28 40 15, 525 26 42 15, 527 23 44 15, 529 20 46 15, 531 17 48 15, 597 16, 599 16, 605 10, 607 9, 5* 608 8
2* 609 8, 610 9, 610 10, 2* 610 11, 2* 610 12, 2* 609 13, 6* 608 14, 2* 608 13, 2* 608 12, 2* 609 11, 2* 610 10, 2* 610 11, 2* 610 12, 2* 611 11, 2* 612 10
2* 613 9, 2* 614 8, 2* 615 8, 10* 616 8, 2* 616 9, 616 11, 616 12, 617 12, 617 13, 619 12, 621 11, 622 11, 623 10, 2* 624 10, 2* 625 10, 2* 626 10, 626 11
626 12, 626 13, 626 14, 2* 627 14, 628 15, 629 15, 631 14, 633 12, 634 13, 635 13, 636 13, 637 12, 2* 638 12, 2* 639 12, 640 12, 640 13, 2* 641 12, 642 11
642 10, 2* 642 11, 2* 642 12, 2* 642 13, 6* 642 14, 643 14, 643 15, 644 15, 644 16, 2* 645 16, 10* 646 16, 2* 647 16, 2* 648 16, 2* 649 16, 2* 650 16, 2* 650 17
14* 650 18, 2* 649 18, 2* 648 18, 647 18, 646 19, 645 19, 8* 644 20, 644 19, 644 18, 644 17, 644 16, 644 15, 644 14, 644 13, 9* 644 12, 644 11, 644 10
644 9, 644 8, 643 9, 641 11, 639 13, 637 15, 636 15, 635 15, 634 15, 633 15, 632 15, 632 14, 632 13, 2* 632 12, 2* 632 11, 2* 632 10, 2* 632 11, 2* 632 12
632 13, 632 14, 632 15, 633 15, 634 15, 635 15, 636 15, 641 11, 642 11, 643 11, 644 11, 644 12, 644 13, 644 14, 644 15, 645 15, 646 15, 647 14, 648 14
649 13, 650 13, 651 12, 652 12, 653 11, 654 11, 655 10, 2* 656 10, 2* 656 11, 5* 656 12, 657 11, 658 10, 659 9, 18* 660 8, 660 9, 660 10, 660 11, 660 12
2* 660 13, 2* 660 14, 2* 661 14, 6* 662 14, 2* 662 13, 2* 662 12, 2* 661 13, 6* 660 14, 2* 661 13, 2* 662 12, 2* 662 11, 10* 662 10, 2* 661 10, 2* 660 10, 659 11
658 12, 657 13, 656 14, 655 15, 654 16, 653 17, 652 18, 2* 652 17, 2* 652 16, 2* 651 16, 650 16, 650 15, 650 14, 650 13, 650 12, 650 11, 649 11, 649 10
2* 648 10, 2* 647 11, 2* 646 12, 2* 645 12, 644 12, 644 11, 643 11, 642 11, 641 11, 640 11, 639 11, 639 10, 638 10, 638 9, 637 9, 637 8, 2* 636 8, 2* 635 8
2* 634 8, 2* 633 8, 632 8, 632 7, 631 7, 630 7, 629 7, 628 7, 627 7, 626 7, 625 7, 624 8, 2* 623 9, 2* 622 10, 2* 621 11, 2* 620 12, 2* 619 12, 2* 618 12
2* 617 13, 6* 616 14, 615 14, 614 15, 613 15, 556 2 12 2 40 16, 555 3 9 6 38 16, 554 5 5 10 36 17, 553 8 1 13 34 17, 548 29 30 18, 547 32 26 19
546 35 22 20, 545 38 18 21, 544 77, 543 77, 542 77, 541 77, 540 19 14 44, 539 18 18 41, 539 16 22 38, 538 15 25 36, 538 13 28 34, 537 12 31 32
537 12 32 30, 536 12 35 26, 5* 536 12, 2* 535 12, 2* 534 12, 533 12, 532 13, 531 13, 530 14, 2* 530 13, 2* 530 12, 2* 529 12, 6* 528 12, 527 12, 526 13
525 13, 524 13, 523 13, 522 13, 521 13, 520 13, 519 13, 518 13, 517 13, 508 21, 507 21, 506 21, 505 21, 503 22, 501 23, 499 24, 497 25, 496 25, 495 25
494 25, 493 25, 492 26, 491 26, 490 27, 489 27, 488 28, 487 28, 486 29, 485 28, 484 27, 483 26, 482 25, 481 24, 479 20, 477 20, 476 21, 475 21, 474 21
474 20, 474 19, 474 18, 474 17, 474 16, 474 15, 2* 474 14, 2* 473 14, 472 14, 471 15, 469 16, 468 17, 467 17, 466 18, 465 18, 464 19, 463 19, 462 20
2* 461 20, 2* 460 20, 459 20, 458 21, 457 21, 455 22, 453 23, 451 24, 449 24, 448 23, 447 23, 447 22, 445 23, 444 23, 443 22, 442 21, 441 21, 440 22
439 23, 438 24, 437 25, 436 26, 435 26, 434 27, 433 27, 431 28, 429 28, 427 28, 425 28, 419 28, 417 28, 415 28, 413 28, 412 27, 411 27, 410 27, 409 27
408 23, 407 23, 406 23, 405 23, 404 19, 403 18, 402 13, 401 12, 400 11, 399 11, 399 10, 2* 398 10, 2* 397 11, 6* 396 12, 2* 397 11, 2* 398 10, 2* 399 9
2* 400 8, 400 9, 400 10, 400 11, 401 11, 402 11, 403 11, 404 11, 404 12, 2* 405 12, 2* 406 12, 2* 405 12, 404 12, 404 11, 403 11, 402 11, 401 11, 400 11
399 11, 398 11, 397 11, 395 12, 393 13, 391 14, 389 15, 351 15 13 24, 349 17 11 25, 347 20 5 29, 345 24 1 30, 343 56, 341 56, 339 56, 337 56, 332 59
331 59, 330 59, 329 59, 328 43 6 10, 327 42 10 6, 326 37, 325 36, 324 36, 2* 323 36, 322 36, 322 35, 321 35, 321 34, 320 34, 320 33, 319 33, 318 33
317 33, 316 34, 2* 315 34, 314 34, 314 33, 313 32, 313 26, 2* 312 26, 311 26, 310 27, 309 27, 307 28, 305 28, 295 36, 293 36, 287 36, 285 36, 280 39
279 38, 278 37, 277 37, 275 38, 273 39, 272 35, 271 34, 270 33, 269 32, 268 27, 267 26, 267 24, 266 23, 266 17, 265 17, 265 16, 2* 264 16, 2* 264 15
6* 264 14, 2* 265 14, 266 14, 266 15, 266 17, 266 18, 266 19, 266 20, 2* 266 21, 2* 266 22, 2* 267 22, 6* 268 22, 2* 268 23, 2* 268 24, 267 26, 267 27, 266 29
266 31, 266 33, 266 35, 266 37, 266 39, 265 42, 265 47, 264 49, 264 50, 263 52, 262 53, 261 55, 260 57, 259 60, 259 62, 258 65, 258 68, 2* 257 69
2* 256 69, 2* 255 70, 2* 254 70, 254 69, 254 68, 254 67, 255 64, 256 62, 258 57, 262 49
path 320720 440016
step 32 -122 -4 -128 -29 -125 -37 -122 -63 -111 -88 -93 -90 -90 -83 -97 -48 -118 -41 -122 -28 -124 -8 -128 30 -122 64 -111 89 -91 106 -72 116 -53
step 121 -42 119 -45 125 -30 125 -24 124 -32 122 -40 117 -51 105 -72 95 -86 92 -90 104 -74 112 -61 99 -81 56 -113 89 -92 102 -77 103 -76 103 -76
step 106 -71 105 -73 108 -68 115 -57 123 -33 126 14 127 12 125 -26 128 -3 127 -3 125 -28 116 -52 113 -60 114 -58 107 -70 92 -89 90 -91 84 -96 76 -103
step 28 -122 -47 -117 -76 -104 -66 -109 -53 -116 -12 -127 0 -128 6 -128 60 -112 82 -98 98 -82 103 -76 110 -65 118 -45 126 -17 112 -63 117 -51 115 -56
step 105 -73 103 -76 106 -71 110 -66 100 -78 80 -100 90 -91 104 -73 102 -78 91 -90 89 -92 79 -101 86 -94 81 -99 68 -108 50 -118 42 -120 80 -99 91 -91
step 90 -90 90 -91 92 -88 111 -64 113 -59 115 -58 103 -74 94 -88 107 -69 110 -65 95 -86 90 -90 91 -91 90 -91 74 -103 35 -123 40 -122 48 -118 66 -109
step 58 -114 45 -120 25 -125 57 -114 88 -92 104 -74 116 -54 121 -41 128 -3 126 -14 127 -16 121 39 114 57 111 64 108 69 124 25 128 0 127 0 128 0
step 126 -24 114 -57 110 -66 95 -84 91 -91 90 -90 82 -99 28 -124 25 -125 36 -123 49 -118 41 -121 51 -117 76 -103 83 -97 77 -102 65 -110 58 -114
step 64 -111 87 -94 81 -99 77 -102 68 -108 44 -120 48 -119 55 -115 64 -111 76 -103 70 -107 43 -120 37 -122 23 -125 0 -128 18 -126 14 -127 -14 -127
step 12 -127 19 -126 15 -126 -9 -128 -55 -114 -50 -118 -14 -127 0 -128 0 -127 0 -128 -9 -128 -39 -122 -39 -122 -32 -123 -50 -118 -71 -106 -85 -96
step -90 -91 -79 -101 -72 -105 -85 -96 -66 -109 -48 -118 -26 -125 -6 -127 59 -111 89 -91 83 -97 48 -119 34 -123 4 -127 22 -126 24 -125 54 -116 53 -117
step 41 -121 49 -118 38 -122 7 -128 0 -128 -1 -128 -27 -124 -48 -119 -47 -118 -5 -128 -24 -125 -66 -109 -56 -115 -24 -126 -31 -124 -23 -125 -19 -126
step -55 -115 -70 -108 -77 -102 -87 -94 -90 -90 -86 -94 -59 -113 -51 -118 -74 -103 -90 -92 -83 -97 -23 -124 -3 -127 -34 -124 -40 -121 -32 -124
step -38 -122 -23 -126 -22 -126 0 -128 4 -127 15 -126 -44 -120 -36 -123 -41 -119 -87 -93 -98 -82 -119 -47 -107 -68 -89 -92 -69 -108 -90 -88 -114 -59
step -114 -58 -112 -61 -126 -4 -118 48 -121 38 -128 2 -128 4 -122 39 -100 78 -86 95 -80 99 -108 65 -128 4 -128 0 -127 -7 -118 -49 -98 -81 -72 -106
step -31 -123 -39 -122 -60 -112 -104 -73 -119 -47 -106 -70 -86 -94 -58 -114 -83 -95 -94 -86 -57 -114 -89 -91 -84 -96 -89 -91 -95 -85 -44 -117 -16 -127
step -40 -121 -47 -119 -52 -117 -42 -121 -60 -112 -93 -88 -109 -65 -127 -13 -128 0 -128 0 -126 -14 -120 -44 -101 -78 -57 -111 -3 -128 -14 -126 -86 -91
step -79 -96 -80 -100 -77 -102 -72 -106 -80 -100 -91 -90 -97 -83 -119 -41 -128 -2 -128 0 -128 0 -128 4 -123 35 -118 49 -98 82 -113 53 -128 1 -128 -1
step -120 -42 -125 -21 -128 0 -128 -1 -125 -26 -118 -49 -109 -66 -107 -71 -103 -76 -109 -67 -107 -70 -96 -84 -90 -90 -93 -89 -101 -78 -111 -60 -128 -5
step -128 0 -128 0 -121 -35 -112 -62 -109 -67 -86 -94 -71 -107 -60 -112 -77 -102 -101 -78 -118 -47 -124 -31 -114 -56 -90 -90 -73 -105 -60 -113
step -61 -113 -72 -105 -46 -120 -74 -102 -105 -74 -101 -78 -88 -93 -94 -86 -91 -91 -90 -90 -97 -84 -109 -65 -121 -44 -117 -51 -110 -65 -74 -103
step -40 -121 -29 -124 -54 -115 -89 -92 -104 -74 -102 -78 -85 -95 -54 -115 -43 -120 -84 -96 -102 -76 -109 -67 -103 -75 -92 -90 -84 -95 -48 -118 7 -126
step 43 -111 14 -122 64 -111 71 -106 70 -107 52 -117 18 -124 -58 -113 -70 -107 -97 -84 -113 -60 -118 -49 -111 -62 -86 -95 -70 -107 -59 -113 -54 -116
step -26 -125 1 -126 32 -124 48 -119 48 -118 7 -127 -18 -126 -40 -122 -41 -121 -52 -117 -54 -116 -19 -125 18 -126 53 -116 25 -125 -20 -126 -59 -112
step -102 -76 -122 -36 -116 -52 -87 -93 -60 -113 -58 -114 -73 -104 -85 -97 -72 -105 -70 -108 -59 -113 -58 -114 -66 -110 -64 -110 -67 -110 -87 -89
step -116 -52 -93 -87 -91 -91 -90 -90 -91 -91 -92 -89 -105 -71 -119 -48 -115 -56 -112 -61 -115 -57 -108 -67 -95 -85 -107 -71 -119 -47 -122 -36
step -119 -46 -87 -92 -93 -84 -91 -90 -78 -101 -80 -100 -84 -97 -79 -100 -85 -95 -91 -91 -88 -92 -78 -102 -91 -90 -69 -94 -14 -126 -1 -126 74 -103
step 78 -102 91 -90 110 -63 119 -47 121 -43 124 -31 127 -17 122 -35 117 -53 116 -54 125 -27 124 -23 127 1 120 -43 115 -57 120 -43 120 -46 112 -62
step 117 -51 121 -38 107 -71 93 -87 91 -91 90 -91 83 -97 64 -111 44 -119 63 -112 58 -114 59 -114 78 -100 93 -88 105 -73 112 -62 113 -59 99 -81 89 -92
step 77 -103 73 -105 76 -103 71 -106 61 -112 17 -127 30 -124 28 -125 26 -125 16 -127 26 -125 26 -125 3 -128 0 -128 -3 -128 -26 -125 -3 -128 0 -128
step 0 -128 0 -128 0 -128 -3 -127 -40 -121 -51 -117 -48 -119 -57 -114 -54 -114 -51 -106 -109 -64 -97 -84 -99 -79 -91 -90 -91 -91 -99 -80 -99 -82
step -110 -63 -123 -36 -125 -25 -127 -11 -126 20 -127 12 -128 5 -125 25 -128 2 -128 0 -128 0 -128 0 -128 0 -128 0 -128 0 -128 0 -128 0 -128 1 -125 25
step -128 5 -119 -42 -111 -64 -113 -58 -124 -33 -125 -25 -128 -1 -126 -22 -127 -10 -128 0 -122 -32
branch 2444 3132 2439 3122 2439 3111 2442 3105 2451 3100 2450 3091 2451 3083 2450 3078 2448 3077
bshare 50
bpath 312912 400976
bstep 27 -122 -66 -108 -90 -91 -90 -90 -82 -97 -60 -113 -77 -102 -82 -98 -47 -118 -9 -127 -9 -127 -49 -118 -35 -122 -52 -116 -43 -120 -4 -128 0 -128
bstep 21 -125 11 -127 20 -126 12 -127 1 -127 33 -123 2 -128 34 -123 40 -121 18 -126 29 -123 79 -100 113 -53 123 -30 117 -50 126 -20 125 -28 122 -35
bstep 113 -58 99 -82 102 -76 102 -77 93 -88 93 -88 38 -118 26 -125 4 -127 0 -128 -27 -124 -56 -115 -42 -120 -11 -127 -23 -125 -1 -128 0 -128 0 -127
bstep 0 -128 7 -128 38 -121 45 -120 10 -127 8 -127 -16 -126 -26 -125 -2 -128 -25 -124 -85 -93 -112 -61 -98 -54
block 2440 3124 0 EAST
block 2514 3225 0 WHOLE
block 2593 3313 0 WEST
block 2502 3434 0 WHOLE
block 2534 3403 0 WEST
block 2454 3079 0 WHOLE
block 2581 3364 0 WHOLE
block 2442 3132 0 WEST
block 2455 3079 0 WHOLE
block 2454 3077 0 WHOLE
block 2439 3127 0 WHOLE
block 2514 3223 0 WHOLE
block 2561 3253 0 SOUTH
block 2438 3123 0 WHOLE
block 2455 3077 0 WHOLE
block 2533 3402 0 EAST
block 2440 3131 0 WHOLE
block 2443 3134 0 WHOLE
block 2441 3124 0 WHOLE
block 2535 3401 0 WEST
block 2581 3362 0 WHOLE
block 2440 3129 0 WHOLE
block 2503 3434 0 WHOLE
block 2439 3125 0 WEST
block 2582 3362 0 WHOLE
block 2530 3230 0 WHOLE
block 2533 3400 0 EAST
block 2439 3123 0 WEST
block 2544 3237 0 WHOLE
block 2556 3247 0 WHOLE
block 2530 3232 0 WHOLE
block 2582 3364 0 WHOLE
block 2441 3131 0 WEST
block 2444 3134 0 NORTH
block 2531 3232 0 WHOLE
block 2593 3312 0 WEST
block 2502 3435 0 WHOLE
block 2442 3133 0 WHOLE
block 2440 3123 0 EAST
block 2593 3314 0 WEST
block 2503 3435 0 WHOLE
block 2438 3124 0 WHOLE
block 2562 3256 0 WHOLE
block 2531 3230 0 WHOLE
block 2561 3252 0 WHOLE
block 2438 3122 0 WHOLE
block 2441 3125 0 SOUTH
block 2439 3128 0 WHOLE
block 2443 3133 0 WEST
block 2439 3126 0 WEST
block 2513 3225 0 WHOLE
block 2535 3400 0 WEST
block 2439 3124 0 WEST
block 2512 3223 0 EAST
block 2535 3402 0 EAST
block 2440 3130 0 WHOLE
block 2544 3236 0 WHOLE
block 2513 3223 0 WHOLE
block 2440 3128 0 WEST
block 2563 3256 0 WEST
block 2532 3230 0 WEST
block 2533 3401 0 EAST
block 2441 3132 0 WHOLE
surface 2502 3216 0 WHOLE
surface 2502 3215 0 WHOLE
surface 2520 3228 0 WHOLE
surface 2517 3226 0 WHOLE
surface 2519 3226 0 WHOLE
surface 2545 3235 0 EAST
surface 2542 3233 0 WHOLE
surface 2545 3236 0 EAST
surface 2517 3225 0 WHOLE
surface 2523 3229 0 WHOLE
surface 2564 3255 0 WHOLE
surface 2555 3248 0 EAST
surface 2523 3230 0 WHOLE
surface 2545 3237 0 EAST
surface 2520 3227 0 WHOLE
surface 2518 3225 0 WHOLE
surface 2556 3249 0 WEST
surface 2503 3216 0 WHOLE
surface 2438 3119 0 WHOLE
surface 2518 3227 0 WHOLE
surface 2594 3312 0 EAST
surface 2455 3142 0 WHOLE
surface 2518 3226 0 WHOLE
surface 2542 3232 0 WHOLE
surface 2458 3144 0 WHOLE
surface 2503 3215 0 WHOLE
surface 2519 3227 0 WHOLE
surface 2459 3145 0 WHOLE
surface 2438 3118 0 WHOLE
surface 2456 3142 0 WHOLE
surface 2563 3255 0 SOUTH
surface 2459 3144 0 WHOLE
surface 2595 3313 0 WHOLE
surface 2522 3229 0 WHOLE
surface 2543 3232 0 WHOLE
surface 2543 3233 0 WHOLE
surface 2522 3230 0 WHOLE
surface 2519 3228 0 WHOLE
dive 2600 3336 0 WHOLE
dive 2599 3337 0 SOUTH
dive 2601 3337 0 SOUTH
dive 2599 3336 0 WHOLE
dive 2601 3336 0 WHOLE
dive 2600 3337 0 SOUTH
lake 0 2505 3439
water 9992 13732
4* 28 4, 16 20, 16 21, 16 22, 16 23, 12 29, 12 31, 12 33, 12 35, 10 39, 9 42, 9 43, 9* 8 44, 4* 4 52, 5* 8 44, 2* 9 42, 10 40, 11 38, 12 36, 14 32, 18 24
block 2503 3435 0 WHOLE
block 2502 3435 0 WHOLE
block 2503 3434 0 WHOLE
block 2502 3434 0 WHOLE
