route 0 2501 3455 2504 3455 2507 3455 2508 3459 2507 3465 2511 3471 2516 3485 2507 3497 2507 3503
kind barbarian
water 9984 13780
25 1 3 1 7 1 3 1, 17 33, 13 41, 10 48, 8 53, 9 54, 9 56, 10 57, 10 58, 11 59, 11 60, 12 61, 12 62, 12 63, 12 64, 12 65, 12 66, 12 67, 12 68, 2* 12 69
11 71, 10 73, 9 75, 8 76, 7 78, 7 79, 6 80, 6 81, 5 82, 5 83, 4 84, 3* 4 85, 2* 4 86, 3 87, 2 88, 1 90, 9* 0 91, 1 90, 1 91, 2* 2 89, 3 88, 3 89, 4 88
4 87, 5 87, 5 88, 6 15 1 10 1 10 3 11 1 7 2 12 3 10, 6 24 4 9 3 7 5 9 3 10 2 7 4 1, 7 12 3 7 5 8 4 7 5 8 4 8 4 7 5 1, 7 11 4 8 4 7 4 8 5 7 4 8 4 8 5 1
8 9 4 10 3 8 2 9 5 8 2 9 3 10 4 2, 9 8 3 11 3 20 1 37 1 3, 10 87, 11 86, 3* 12 86, 2* 12 87, 12 47 6 34, 12 45 10 32, 12 45 10 33, 12 44 12 32
12 48 4 36, 13 47 4 36, 13 47 4 37, 14 46 4 37, 14 53 2 32, 2* 14 51 6 30, 14 50 8 29, 15 49 8 29, 16 48 8 29, 17 47 8 30, 18 46 8 29, 19 45 8 29
20 44 8 29, 21 14 10 19 8 29, 22 12 13 17 8 28, 23 10 16 15 8 28, 24 8 18 15 7 28, 25 6 20 14 7 28, 27 2 23 15 5 28, 52 48, 51 48, 50 49, 49 49, 48 50
47 50, 46 51, 45 51, 44 51, 43 51, 42 51, 41 51, 40 36 9 6, 40 36 10 4, 40 36 11 2, 2* 40 36, 2* 41 35, 2* 42 34, 2* 43 34, 44 35, 45 35, 46 34, 47 33
48 32, 48 15 5 12, 2* 48 13 8 10, 2* 48 12 10 8, 2* 49 11 10 8, 50 10 10 8, 50 9 11 8, 2* 50 7 13 9, 50 6 14 10, 50 6 14 11, 51 6 13 13, 51 6 13 15
52 6 12 17, 52 6 12 18, 53 6 12 18, 53 6 12 19, 54 6 12 19, 54 6 12 20, 55 6 10 22, 55 6 10 23, 56 7 6 26, 57 39, 58 39, 59 38, 60 38, 61 37, 62 37
63 36, 2* 64 36, 2* 64 35, 2* 64 34, 2* 63 34, 62 34, 63 32, 64 30, 65 28, 67 25, 68 23, 69 21, 69 20, 70 18, 70 17, 69 17, 69 16, 68 16, 67 16, 65 16
55 24, 53 24, 52 23, 51 22, 50 21, 49 20, 48 19, 47 18, 47 16, 45 16, 43 16, 41 17, 41 16, 2* 40 16, 2* 40 15, 6* 40 14, 2* 39 16, 37 19, 35 22, 33 26
33 28, 32 31, 32 32, 32 33, 32 34, 32 35, 32 36, 32 37, 32 38, 32 39, 32 40, 2* 32 41, 2* 32 42, 31 4 1 39, 31 3 4 38, 30 4 4 39, 30 4 4 40, 29 6 2 42
28 53, 27 56, 26 59, 25 62, 24 64, 23 64, 22 65, 2* 21 66, 2* 20 67, 19 68, 19 4 3 61, 18 4 5 59, 18 4 4 60, 17 6 3 60, 17 69, 16 69, 16 48 4 17
16 45 9 15, 16 44 12 13, 16 43 14 11, 2* 16 42 16 10, 2* 16 41 18 8, 16 41 18 7, 19 37 19 7, 20 36 19 6, 16 1 2 38 18 6, 16 41 18 5, 16 41 18 4
16 42 16 5, 16 42 16 4, 16 43 14 4, 17 43 12 4, 18 43 10 4, 19 45 4 6, 20 53, 21 51, 22 49, 24 45, 25 43, 27 39, 29 35, 31 31, 34 25, 38 17, 46 1
path 320208 442320
step 110 -60 128 -3 124 27 124 -23 128 -5 121 33 104 74 77 100 12 127 -1 128 -22 125 -9 127 0 128 -22 126 -12 127 -31 123 -31 122 32 122 28 125 70 105
step 101 79 89 91 61 112 60 112 14 126 44 120 60 111 93 87 111 64 84 95 17 126 0 128 16 125 80 100 90 90 76 102 44 120 14 127 -25 123 -41 121 -58 112
step -69 106 -46 119 -80 99 -93 88 -103 75 -114 58 -122 36 -122 38 -107 69 -100 79 -90 92 -45 116 -1 128 0 128 0 128 0 128 0 128 0 127 7 128 24 125
step 1 128 -32 122
branch 2507 3457 2509 3462 2509 3463 2509 3464 2510 3464 2511 3465 2511 3466 2511 3467 2511 3471
bpath 320976 442576
bstep 111 55 48 114 -1 127 -26 124 3 126 79 95 20 122 37 117 109 55 80 90 16 116 -1 124 -43 115 -16 125 1 127 52 113 43 47
block 2509 3465 0 WHOLE
block 2506 3466 0 WHOLE
block 2500 3505 0 SOUTH
block 2509 3467 0 WHOLE
block 2506 3465 0 WHOLE
block 2501 3504 0 WEST
block 2509 3466 0 WHOLE
block 2506 3464 0 WHOLE
block 2510 3500 0 WHOLE
block 2507 3466 0 WEST
allow 2509 3461 0 WHOLE
allow 2509 3464 0 WHOLE
allow 2509 3460 0 WHOLE
dive 2508 3467 0 WHOLE
dive 2509 3468 0 WHOLE
dive 2509 3467 0 WHOLE
hide 2503 3515 0 WHOLE
hide 2501 3512 0 WHOLE
hide 2505 3516 0 SOUTH
hide 2502 3503 0 WHOLE
hide 2501 3511 0 WHOLE
hide 2502 3513 0 WHOLE
hide 2501 3513 0 EAST
hide 2502 3502 0 EAST
hide 2502 3512 0 WHOLE
hide 2501 3503 0 EAST
hide 2504 3515 0 WHOLE
hide 2500 3511 0 EAST
route 0 2524 3452 2516 3468 2511 3471 2516 3485 2507 3497 2507 3501
kind barbarian
water 10000 13768
75 2 6 6, 71 8 2 10, 67 26, 64 31, 62 35, 60 39, 58 51, 57 54, 55 57, 54 59, 53 61, 52 63, 51 65, 48 69, 46 72, 44 75, 42 78, 41 80, 39 83, 38 85
37 88, 36 91, 35 93, 34 95, 33 97, 32 98, 31 99, 30 100, 29 101, 2* 28 101, 27 101, 2* 26 102, 25 103, 2* 24 104, 2* 23 106, 2* 22 108, 3* 21 109
4* 20 110, 5* 19 111, 2* 19 110, 19 109, 18 110, 2* 19 108, 19 106, 18 106, 2* 19 104, 19 102, 18 102, 2* 19 100, 19 98, 18 98, 2* 18 97
18 9 3 11 1 7 2 12 3 10 1 8 2 12 3 11, 18 9 3 7 5 9 3 10 2 7 4 9 4 8 4 10, 18 8 4 7 5 8 4 8 4 7 5 7 5 7 5 10, 18 7 4 8 5 7 4 8 4 8 5 7 5 7 5 10
18 8 2 9 5 8 2 9 3 10 4 8 4 8 4 10, 18 20 1 37 1 34, 17 93, 17 92, 17 91, 16 87, 17 84, 17 82, 17 80, 17 26 6 46, 17 24 10 43, 17 24 10 42
17 23 12 40, 17 27 4 43, 18 26 4 42, 17 27 4 41, 16 28 4 40, 15 36 2 35, 2* 14 35 6 33, 13 35 8 32, 2* 12 36 8 32, 2* 11 37 8 32, 10 38 8 31
10 38 8 30, 9 10 10 19 8 29, 9 9 13 17 8 28, 9 8 16 15 8 28, 8 8 18 15 7 28, 9 6 20 14 7 28, 11 2 23 15 5 28, 36 48, 35 48, 34 49, 33 49, 32 50, 31 50
30 51, 29 51, 28 51, 27 51, 26 51, 25 51, 24 36 9 6, 24 36 10 4, 24 36 11 2, 2* 24 36, 2* 25 35, 2* 26 34, 2* 27 34, 28 35, 29 35, 30 34, 31 33, 32 32
32 15 5 12, 2* 32 13 8 10, 2* 32 12 10 8, 2* 33 11 10 8, 34 10 10 8, 34 9 11 8, 2* 34 7 13 9, 34 6 14 10, 34 6 14 11, 35 6 13 13, 35 6 13 15
36 6 12 17, 36 6 12 18, 37 6 12 18, 37 6 12 19, 38 6 12 19, 38 6 12 20, 39 6 10 22, 39 6 10 23, 40 7 6 26, 41 39, 42 39, 43 38, 44 38, 45 37, 46 37
47 36, 2* 48 36, 2* 48 35, 2* 48 34, 2* 47 34, 46 34, 47 32, 48 30, 49 28, 51 25, 52 23, 53 21, 53 20, 54 18, 54 17, 53 17, 53 16, 52 16, 51 16, 49 16
39 24, 37 24, 36 23, 35 22, 34 21, 33 20, 32 19, 31 18, 31 16, 29 16, 27 16, 25 17, 25 16, 2* 24 16, 2* 24 15, 6* 24 14, 2* 23 16, 21 19, 19 22, 17 26
17 28, 16 31, 16 32, 16 33, 16 34, 16 35, 16 36, 16 37, 16 38, 16 39, 16 40, 2* 16 41, 2* 16 42, 15 4 1 39, 15 3 4 38, 14 4 4 39, 14 4 4 40, 13 6 2 42
12 53, 11 56, 10 59, 9 61, 8 62, 7 63, 6 64, 2* 5 65, 2* 4 65, 3 66, 3 4 3 59, 2 4 5 57, 2 4 4 58, 1 6 3 58, 1 66, 0 67, 0 48 4 14, 0 45 9 12
0 44 12 9, 0 43 14 8, 0 42 16 6, 0 42 16 5, 0 41 18 4, 0 41 18 3, 0 41 18 2, 3 37 19 1, 4 36, 3 38, 4 37, 5 36, 6 36, 8 34, 9 34, 11 33, 13 32, 15 31
18 25, 22 17, 30 1
path 323152 441936
step -99 -80 -126 -16 -128 0 -128 0 -120 34 -95 86 -90 90 -84 97 -26 122 0 128 0 128 0 128 0 128 0 128 0 128 1 128 22 125 9 127 0 128 0 128 0 128
step -22 124 -102 73 -21 116 -122 30 -128 0 -125 23 -120 41 -112 62 -62 109 -2 125 49 119 72 104 99 79 107 69 68 106 5 128 0 127 36 121 86 93 89 93
step 66 108 38 122 4 128 -41 120 -33 123 -73 104 -58 113 -53 115 -87 94 -96 85 -106 71 -117 50 -124 33 -118 46 -104 75 -97 83 -84 96 -24 124 0 128
step 0 128 0 128 0 127 0 128 0 128 0 128 0 80
branch 2519 3453 2517 3454 2514 3460 2514 3463 2514 3465 2514 3466 2514 3467 2514 3468 2513 3470 2511 3471
bpath 322512 442064
bstep -126 17 -102 76 -120 35 -126 15 -99 79 -63 109 -4 128 0 127 0 128 -2 128 -38 121 -18 125 48 118 -14 125 -5 127 26 125 3 127 0 128 -3 128 -59 111
bstep -91 88 -126 16 -94 77 -11 46
block 2506 3466 0 WHOLE
block 2516 3465 0 WHOLE
block 2509 3494 0 WHOLE
block 2514 3481 0 WHOLE
block 2509 3493 0 WHOLE
block 2506 3517 0 WHOLE
block 2512 3511 0 NORTH
block 2521 3465 0 WHOLE
block 2510 3474 0 WHOLE
block 2510 3500 0 WHOLE
block 2511 3475 0 WHOLE
block 2509 3465 0 WHOLE
block 2511 3513 0 NORTH
block 2513 3472 0 WHOLE
block 2515 3471 0 WHOLE
block 2511 3515 0 WHOLE
block 2519 3465 0 WHOLE
block 2509 3467 0 WHOLE
block 2506 3465 0 WHOLE
block 2501 3504 0 WEST
block 2513 3473 0 WHOLE
block 2509 3466 0 WHOLE
block 2506 3464 0 WHOLE
block 2513 3482 0 WHOLE
block 2520 3465 0 WHOLE
block 2512 3515 0 WHOLE
block 2515 3466 0 WHOLE
block 2511 3512 0 SOUTH
block 2515 3468 0 WHOLE
block 2511 3511 0 NORTH
block 2515 3467 0 WHOLE
block 2507 3517 0 WHOLE
block 2507 3466 0 WEST
block 2512 3512 0 SOUTH
block 2514 3471 0 WHOLE
block 2504 3498 0 WHOLE
block 2500 3505 0 SOUTH
block 2515 3465 0 WHOLE
block 2512 3513 0 NORTH
block 2504 3499 0 WHOLE
allow 2518 3462 0 WHOLE
allow 2511 3465 0 WHOLE
allow 2518 3464 0 WHOLE
allow 2514 3508 0 WHOLE
allow 2511 3506 0 WHOLE
allow 2518 3463 0 WHOLE
allow 2514 3507 0 WHOLE
allow 2512 3510 0 WHOLE
allow 2512 3506 0 WHOLE
allow 2510 3509 0 WHOLE
allow 2517 3466 0 WHOLE
allow 2513 3510 0 WHOLE
allow 2510 3508 0 WHOLE
allow 2518 3461 0 WHOLE
allow 2518 3460 0 WHOLE
allow 2517 3464 0 WHOLE
allow 2509 3461 0 WHOLE
allow 2517 3463 0 WHOLE
allow 2511 3510 0 WHOLE
allow 2517 3465 0 WHOLE
allow 2510 3507 0 WHOLE
allow 2509 3464 0 WHOLE
allow 2510 3464 0 WHOLE
allow 2518 3465 0 WHOLE
allow 2517 3460 0 WHOLE
allow 2514 3509 0 WHOLE
allow 2517 3462 0 WHOLE
allow 2513 3506 0 WHOLE
allow 2517 3461 0 WHOLE
allow 2518 3466 0 WHOLE
allow 2509 3460 0 WHOLE
dive 2508 3467 0 WHOLE
dive 2509 3468 0 WHOLE
dive 2509 3467 0 WHOLE
hide 2503 3515 0 WHOLE
hide 2501 3512 0 WHOLE
hide 2505 3516 0 SOUTH
hide 2502 3503 0 WHOLE
hide 2501 3511 0 WHOLE
hide 2502 3513 0 WHOLE
hide 2501 3513 0 EAST
hide 2502 3502 0 EAST
hide 2502 3512 0 WHOLE
hide 2501 3503 0 EAST
hide 2504 3515 0 WHOLE
hide 2500 3511 0 EAST
lake 0 2503 3505 2504 3513 2512 3463
fish 75
kind barbarian
water 10000 14000
16 12, 15 4 1 8, 15 3 4 6, 14 4 4 6, 14 4 4 10, 13 6 2 11, 12 20, 11 21, 10 26, 9 27, 8 28, 7 29, 6 30, 2* 5 31, 2* 4 32, 3 33, 3 4 3 26, 2 4 5 25
2 4 4 30, 1 6 3 30, 1 39, 0 40, 9* 0 36, 3 33, 4 32, 0 1 2 33, 4* 0 36, 12* 0 40, 0 44, 2* 1 43, 3 41, 4 36, 5 30 2 3, 5 29 4 2, 2* 6 27 6 1, 7 26 6 1
7 28 3 2, 8 32, 9 31, 11 29, 13 27, 15 25, 21 15, 23 13, 23 12, 24 9
block 2511 3513 0 NORTH
block 2506 3517 0 WHOLE
block 2500 3505 0 SOUTH
block 2501 3504 0 WEST
block 2507 3517 0 WHOLE
block 2504 3499 0 WHOLE
hide 2503 3515 0 WHOLE
hide 2501 3512 0 WHOLE
hide 2505 3516 0 SOUTH
hide 2502 3503 0 WHOLE
hide 2501 3511 0 WHOLE
hide 2502 3513 0 WHOLE
hide 2501 3513 0 EAST
hide 2502 3502 0 EAST
hide 2502 3512 0 WHOLE
hide 2501 3503 0 EAST
hide 2500 3511 0 EAST
hide 2504 3515 0 WHOLE
lake 0 2523 3452 2502 3455
fish 50
kind barbarian
water 9984 13784
4* 108 4, 4* 96 28, 4* 92 36, 4* 24 4 60 44, 4* 12 28 48 44, 4* 8 36 44 44, 6 42 36 52, 2* 5 43 36 52, 4 44 36 52, 8* 4 44 40 44, 4* 0 52 36 44
4* 4 44 44 36, 4* 4 44 48 28, 4* 4 44 60 4, 3* 8 36, 8 13 1 7 2 13, 12 18 4 6, 12 7 3 7 5 6, 12 6 4 8 4 6, 12 5 4 10 3 6, 4* 24 4
