route 0 3349 9593 3348 9585 3344 9579 3343 9569 3344 9554 3347 9543 3348 9533
fish 50
water 13336 38132
20* 52 8, 4* 56 8, 8* 52 12, 8* 48 16, 8* 48 12, 8* 52 8, 4* 56 4, 4* 52 12, 4* 48 16, 4* 44 20, 4* 44 16, 4* 40 16, 4* 32 24, 4* 32 20, 4* 28 24
4* 28 20, 4* 24 24, 4* 24 20, 4* 20 24, 4* 20 20, 4* 20 24, 4* 24 24, 4* 24 28, 4* 28 24, 4* 28 28, 4* 24 40, 8* 16 56, 4* 20 52, 4* 24 48, 4* 28 44
8* 24 48, 4* 20 52, 12* 8 64, 4* 12 56, 4* 16 52, 4* 16 56, 4* 16 68, 4* 16 72, 8* 20 68, 4* 20 72, 8* 24 68, 4* 28 64, 4* 28 12 4 48, 4* 32 4 12 44
4* 52 36, 4* 56 24, 4* 56 16
path 428752 1227984
step 0 -128 30 -122 63 -112 39 -121 27 -125 1 -128 -33 -121 -87 -94 -106 -69 -102 -73 -89 -92 -91 -91 -90 -90 -89 -92 -68 -107 -38 -122 -7 -128
step 18 -126 45 -120 54 -116 41 -121 33 -123 25 -126 8 -127 -4 -128 -61 -110 -90 -90 -108 -66 -35 -84 9 -127 -22 -126 -24 -126 -30 -124 -33 -123
step -53 -117 -53 -116 -36 -123 -4 -127 6 -128 45 -119 55 -115 61 -113 52 -117 72 -105 94 -87 86 -92 46 -119 68 -109 49 -118 75 -100 80 -98 11 -127
step 0 -128 -1 -127 -22 -126 -18 -126 -28 -124 11 -127 45 -120 13 -127 0 -128 0 -128 0 -128 -19 -126 -13 -126 1 -128 63 -103
block 3349 9540 0 WHOLE
block 3346 9563 0 WHOLE
block 3346 9564 0 WHOLE
block 3340 9572 0 WHOLE
block 3349 9566 0 WHOLE
block 3349 9541 0 WHOLE
block 3346 9590 0 WHOLE
block 3339 9569 0 WHOLE
block 3349 9542 0 WHOLE
block 3348 9551 0 WHOLE
block 3346 9541 0 WHOLE
block 3347 9546 0 WHOLE
block 3341 9555 0 WHOLE
block 3340 9563 0 WHOLE
block 3345 9562 0 WHOLE
block 3351 9593 0 WHOLE
block 3345 9550 0 WHOLE
block 3346 9555 0 WHOLE
block 3344 9559 0 WHOLE
block 3339 9559 0 WHOLE
block 3345 9589 0 WHOLE
block 3347 9548 0 WHOLE
block 3338 9567 0 WHOLE
block 3346 9544 0 WHOLE
block 3338 9568 0 WHOLE
block 3353 9592 0 WHOLE
block 3339 9561 0 WHOLE
block 3340 9566 0 WHOLE
block 3347 9537 0 WHOLE
block 3339 9574 0 WHOLE
block 3349 9548 0 WHOLE
block 3344 9561 0 WHOLE
block 3355 9591 0 WHOLE
block 3347 9565 0 WHOLE
block 3342 9553 0 WHOLE
block 3349 9549 0 WHOLE
block 3347 9539 0 WHOLE
block 3347 9553 0 WHOLE
block 3347 9591 0 WHOLE
block 3349 9550 0 WHOLE
block 3347 9540 0 WHOLE
block 3340 9570 0 WHOLE
block 3340 9557 0 WHOLE
block 3349 9538 0 WHOLE
block 3349 9539 0 WHOLE
block 3344 9552 0 WHOLE
block 3345 9557 0 WHOLE
surface 3348 9548 0 WHOLE
surface 3348 9546 0 WHOLE
surface 3348 9547 0 WHOLE
lake 0 3368 9576 3358 9588 3365 9583 3349 9569 3359 9570
fish 35
water 13364 38256
4* 20 4, 4* 16 12, 4* 12 24 8 28, 4* 12 80, 4* 12 84, 4* 8 88, 4* 12 88 8 4, 4* 12 104, 4* 12 108, 4* 16 108, 4* 20 28 8 68, 4* 32 4 24 64
4* 72 4 8 40, 4* 88 36, 4* 84 40, 4* 80 44, 4* 76 48, 4* 76 44, 4* 68 4 4 40, 4* 56 56, 4* 52 56, 8* 48 56, 4* 48 48, 4* 44 48, 4* 48 36, 4* 48 24
4* 48 12
block 3369 9582 0 WHOLE
block 3366 9586 0 WHOLE
block 3370 9581 0 WHOLE
block 3371 9573 0 WHOLE
block 3371 9580 0 WHOLE
block 3346 9564 0 WHOLE
block 3358 9566 0 WHOLE
block 3365 9569 0 WHOLE
block 3349 9566 0 WHOLE
block 3369 9571 0 WHOLE
block 3363 9567 0 WHOLE
block 3361 9589 0 WHOLE
block 3355 9591 0 WHOLE
block 3347 9565 0 WHOLE
block 3363 9588 0 WHOLE
block 3364 9587 0 WHOLE
block 3370 9572 0 WHOLE
block 3352 9566 0 WHOLE
block 3364 9568 0 WHOLE
block 3367 9584 0 WHOLE
block 3358 9590 0 WHOLE
block 3368 9583 0 WHOLE
block 3368 9570 0 WHOLE
lake 0 3369 3127
water 13453 12488
22 2, 2* 20 6, 19 8, 19 9, 2* 7 1 10 12, 7 3 6 15, 4* 3 29, 3 27, 2* 3 25, 3 24, 3 24 8 5, 2* 3 25 6 8, 3 27 2 11, 0 43, 2 40, 8 34, 10 30, 12 26
14 23, 16 20, 18 17, 20 14, 2* 22 10, 23 8
