route 0 1419 3277 1410 3276 1393 3296 1396 3309 1417 3321 1432 3340 1459 3332 1470 3344
water 5504 13100
139 9, 137 12, 135 15, 133 18, 132 36 4 8, 131 37 4 8, 130 38 4 8, 129 39 4 8, 128 19 2 19 4 8, 127 18 6 17 4 8, 127 16 10 15 4 8, 126 15 14 13 4 8
126 14, 2* 125 14, 2* 124 14, 2* 124 13, 2* 124 12, 2* 123 12, 2* 122 12, 2* 121 13, 2* 120 14, 2* 120 13, 2* 120 12, 2* 119 13, 2* 118 14, 117 14
115 16, 113 17, 112 18, 111 18, 110 19, 109 19, 96 31, 95 31, 94 31, 93 31, 92 31, 91 31, 90 31, 89 31, 88 31, 87 30, 87 28, 86 27, 86 25, 85 24
85 22, 84 21, 83 13, 81 14, 79 16, 77 17, 76 18, 75 18, 74 19, 73 19, 71 21, 69 22, 68 23, 67 23, 66 23, 65 23, 65 22, 64 21, 64 19, 63 18, 63 16
2* 62 16, 2* 61 16, 60 16, 8* 66 4, 60 16, 60 17, 60 18, 60 19, 60 20, 2* 60 21, 2* 60 22, 2* 61 22, 2* 62 22, 2* 63 21, 2* 64 20, 2* 65 20, 2* 66 20
2* 67 20, 2* 68 20, 2* 69 19, 6* 70 18, 2* 70 19, 2* 70 20, 2* 71 20, 72 20, 4* 72 6 2 4 2 6, 4* 72 4 4 4 4 4, 9* 72 20, 2* 72 21, 10* 72 22, 2* 73 22
2* 74 22, 2* 74 23, 2* 74 24, 2* 74 25, 2* 74 26, 75 26, 75 27, 76 27, 76 29 54 14, 77 30 50 18, 77 32 46 22, 78 33 42 26, 78 34 40 28, 79 34 38 30
79 35 36 32, 80 35 34 34, 81 43 15 45, 83 42 12 48, 85 41 9 51, 87 40 6 54, 89 99, 90 98, 91 97, 92 96, 93 95, 95 94, 97 92, 99 91, 101 58 6 25
102 55 9 25, 103 52 12 24, 104 49 15 24, 105 38 26 23, 107 34 29 22, 109 30 32 21, 111 26 35 20, 4* 172 20, 173 19, 174 18, 175 17, 176 16
176 16 19 2, 2* 176 16 17 6, 176 16 16 8, 176 15 17 8, 176 14 17 10, 176 13 17 12, 176 12 17 14, 176 12 12 20 72 12 12 20, 176 13 10 21 71 13 12 21
176 14 8 22 70 14 4 4 4 22, 176 15 6 23 69 15 4 4 4 23, 176 43 61 68, 176 42 61 70, 176 41 61 72, 176 40 61 74, 176 35 53 92, 176 34 53 94
176 33 53 96, 176 32 53 98, 177 30 53 47 6 51, 178 28 53 47 8 51, 179 26 53 47 10 51, 180 24 53 47 12 51, 180 19 57 35 34 43, 180 18 58 34 37 41
180 17 59 33 40 39, 180 16 60 32 43 37, 180 16 60 23 57 32, 180 16 19 2 39 22 59 32, 180 16 18 4 38 21 60 33, 180 16 17 6 37 20 62 33
180 16 16 8 36 19 63 38, 180 17 14 10 35 18 65 38, 180 18 12 12 34 17 66 39, 180 19 10 14 33 16 68 39, 181 47 28 16 69 47, 182 47 26 17 70 47
183 47 24 18 71 47, 184 47 22 19 72 47, 184 52 8 27 74 47, 184 52 8 26 77 46, 184 52 8 25 80 44, 184 52 8 24 83 43, 185 39 24 20 84 42
186 38 24 20 85 41, 187 37 24 20 85 41, 188 36 24 20 86 40, 197 70 87 40, 198 68 89 40, 199 66 90 40, 200 64 92 40, 205 19 132 45, 206 18 131 48
207 17 131 50, 208 16 130 53, 221 15 118 54, 222 14 117 55, 223 13 117 55, 224 12 116 56, 351 57, 349 59, 347 61, 345 63, 344 64, 343 66, 342 67
341 69, 340 70, 339 72, 339 73, 338 75, 338 76, 337 78, 3* 338 79, 2* 339 78, 2* 340 76, 341 75, 341 74, 342 73, 342 72, 343 71, 343 70, 344 69
345 67, 345 66, 346 65, 347 63, 348 61, 349 59, 350 57, 351 55, 352 28 4 21, 353 27 4 20, 354 26 4 19, 356 24 4 17, 357 23 8 12, 359 21 8 10
361 19 8 8, 363 17 8 6, 366 14, 370 10, 378 1
path 181712 419536
step -110 -60 -128 -4 -128 0 -128 -3 -124 -28 -123 -35 -119 -48 -126 -4 -121 42 -104 73 -89 91 -69 107 -48 119 -40 121 -41 122 -35 123 -26 124 -47 119
step -69 107 -95 86 -100 80 -102 76 -112 60 -124 32 -127 13 -122 36 -108 68 -89 91 -66 109 -67 109 -94 87 -105 71 -107 71 -106 72 -96 84 -80 99
step -16 126 3 127 -4 128 0 127 16 126 79 100 74 104 36 122 54 116 51 117 13 127 56 112 64 109 5 128 0 127 0 128 0 128 0 128 0 128 0 128 23 125 37 123
step 31 124 39 121 67 109 88 93 90 90 95 85 106 72 112 61 105 73 100 79 116 52 127 11 124 31 125 24 128 1 128 -2 121 -39 118 -48 127 -7 126 -18
step 120 -45 111 -63 114 -57 127 -9 128 3 118 44 96 85 84 96 70 107 56 115 38 122 31 124 5 128 -24 125 -7 127 3 128 49 117 83 97 55 112 2 128 0 128
step 22 125 60 112 94 86 118 47 124 32 122 39 127 14 121 37 103 75 110 65 126 14 128 0 128 0 128 0 127 0 128 0 127 -15 114 -56 106 -72 117 -49 89 -91
step 61 -112 41 -121 29 -124 81 -99 99 -79 117 -51 121 -44 123 -31 121 -44 119 -46 124 -32 125 -22 128 0 128 -1 125 -24 126 10 127 15 128 0 127 0
step 128 8 121 40 119 48 121 41 109 66 95 85 102 77 104 75 104 74 87 93 80 99 90 91 89 93 78 101 87 93 76 103 25 124 1 128 52 114 43 47
branch 1395 3304 1394 3309 1395 3311 1396 3314
bshare 10
bpath 178640 422992
bstep -5 127 -50 117 -41 119 -22 125 -10 127 15 126 68 107 88 92 74 102 11 126 0 112
branch 1395 3305 1398 3309 1397 3311 1396 3314
bshare 10
bpath 178640 423120
bstep 92 88 101 77 89 90 61 111 21 125 -23 122 -65 109 -76 101 -66 107 -6 127 0 95
block 1392 3296 0 WEST
block 1397 3308 0 WEST
block 1434 3339 0 WHOLE
block 1437 3341 0 WHOLE
block 1432 3341 0 WHOLE
block 1395 3309 0 WHOLE
block 1394 3297 0 WHOLE
block 1394 3296 0 WHOLE
block 1452 3330 0 WHOLE
block 1436 3339 0 WHOLE
block 1439 3341 0 WHOLE
block 1392 3297 0 WEST
block 1434 3341 0 WHOLE
block 1397 3309 0 WHOLE
block 1436 3338 0 WHOLE
block 1433 3341 0 WHOLE
block 1438 3341 0 WHOLE
block 1454 3330 0 WHOLE
block 1435 3338 0 WHOLE
block 1436 3342 0 WHOLE
block 1436 3341 0 WHOLE
block 1433 3339 0 WHOLE
block 1440 3341 0 WHOLE
block 1395 3308 0 EAST
block 1435 3342 0 WHOLE
block 1437 3339 0 WHOLE
block 1391 3296 0 WHOLE
block 1432 3339 0 WHOLE
block 1393 3297 0 EAST
block 1435 3341 0 WHOLE
block 1391 3297 0 WHOLE
block 1393 3296 0 EAST
block 1435 3339 0 WHOLE
allow 1418 3276 0 WHOLE
allow 1418 3277 0 WHOLE
surface 1413 3276 0 WHOLE
surface 1414 3277 0 WHOLE
surface 1414 3276 0 WHOLE
surface 1413 3277 0 WHOLE
lake 0 1429 3329
water 5696 13312
19 2, 2* 17 6, 2* 16 8, 15 10, 14 12, 13 14, 8 20, 7 21, 6 22, 5 23, 0 27, 0 26, 0 25, 0 24, 0 19, 0 18, 0 17, 0 16, 4 11, 4 10, 4 9, 4 8
