route 0 2912 2954 2906 2956 2903 2966 2896 2973 2885 2974 2874 2975 2863 2973 2854 2975 2845 2973 2833 2973 2820 2970 2809 2968 2797 2964 2787 2963 2776 2962
water 11068 11788
588 8, 587 9, 586 10, 585 11, 584 20, 2* 583 21, 582 22, 582 26, 2* 581 27, 2* 580 28, 579 29, 578 30, 577 31, 5* 576 36, 2* 575 37, 573 39, 563 49
561 51, 560 52, 559 53, 558 58, 2* 557 59, 556 60, 556 56, 555 57, 554 58, 553 59, 552 15 5 39, 2* 552 13 7 37, 552 12 8 36, 12 2 538 12 9 35
12 3 536 12 11 35, 12 13 14 6 10 6 490 12 12 34, 12 15 10 10 6 10 487 12 14 34, 12 52 486 12 14 32, 12 53 484 12 15 32, 12 54 483 12 15 32
12 55 481 12 16 32, 8 60 480 11 17 31, 8 61 479 10 18 29, 8 62 478 9 19 27, 8 63 477 8 20 25, 8 64 476 8 20 24, 8 64 475 9 19 24
8 64 15 5 454 10 19 24, 8 64 13 8 452 11 18 24, 8 64 11 11 450 12 18 22, 8 65 8 14 448 13 18 22, 8 65 6 26 438 13 18 22, 8 67 2 30 435 14 18 22
4 117 421 14 18 14, 4 119 419 14 19 13, 4 121 417 14 19 13, 4 123 415 14 20 12, 8 129 405 13 21 8, 8 131 403 12 23 7, 9 144 389 11 24 7
11 144 387 10 26 6, 13 143 386 10 26 2, 15 142 386 9 26 2, 17 141 385 9 26 2, 18 141 385 8 26 2, 19 48 10 84 6 9 368 8 26 2
20 45 14 84 2 12 367 8 26 2, 21 42 18 97 366 8 26 2, 22 39 22 96 365 8 26 2, 23 37 29 91 364 8 26 2, 24 35 31 91 362 9 27 1
25 34 32 24 6 60 362 9 27 1, 26 32 34 21 9 61 359 10, 26 32 39 10 16 66 353 10, 27 31 41 6 19 67 350 10, 27 31 67 66 348 12, 28 30 69 65 345 13
28 30 71 10 6 47 339 18, 29 30 72 6 10 45 337 19, 29 30 88 45 336 19, 30 30 88 44 335 19, 30 30 88 44 27 14 293 19, 31 28 90 44 24 18 290 19
31 28 90 45 17 26 287 19, 32 25 94 44 14 30 284 18, 36 20 97 87 282 13, 36 20 99 86 280 12, 36 20 101 85 279 10, 36 20 103 84 277 10
165 80 30 6 14 6 10 6 203 10, 167 80 26 10 10 10 6 10 200 10, 169 80 22 50 198 10, 171 80 18 54 195 10, 177 148 46 6 14 6 121 10
179 148 42 10 10 10 118 10, 179 36 10 112 30 34 114 12, 180 33 14 112 26 38 110 13, 185 22 30 108 18 42 38 42 26 14, 187 18 34 108 14 46 34 46 22 15
189 14 38 108 10 138 10 16, 191 10 42 108 6 142 6 17, 245 276, 247 273, 257 22 10 230, 259 18 14 226, 297 216, 299 213, 313 198, 315 194
325 58 10 50 22 34, 327 54 13 47 26 30, 329 50 16 44 30 18, 331 46 19 41 34 14, 341 26 34 30, 343 22 38 26, 345 18 42 18, 347 14 46 14
path 372816 378192
step -128 0 -128 0 -128 0 -128 1 -113 52 -81 99 -64 110 -53 117 -61 112 -67 108 -27 125 -40 121 -48 119 -48 118 -6 127 0 128 -4 128 -30 124 -66 108
step -100 79 -117 47 -124 31 -115 56 -91 89 -72 105 -61 112 -72 106 -87 93 -118 49 -117 52 -112 61 -126 15 -128 0 -127 0 -128 0 -128 0 -128 0 -128 0
step -128 -7 -127 5 -125 -25 -128 -5 -128 0 -128 0 -128 0 -128 0 -127 4 -123 36 -125 24 -124 25 -119 47 -111 62 -109 66 -125 24 -128 0 -128 0 -120 -34
step -92 -88 -78 -102 -94 -86 -101 -79 -112 -56 -127 4 -128 -2 -117 49 -114 57 -121 43 -123 33 -118 49 -115 56 -124 28 -128 -3 -124 -27 -123 -33
step -123 -34 -125 -27 -126 -17 -125 -31 -121 -38 -124 -32 -124 -30 -125 -31 -126 -17 -128 0 -128 -2 -125 -26 -127 -4 -128 0 -128 0 -126 -22 -127 -8
step -124 30 -123 31 -126 20 -127 9 -125 -26 -128 -2 -126 -18 -120 -44 -114 -57 -114 -58 -111 -63 -121 -42 -126 -24 -126 -14 -128 0 -128 -2 -123 20
step -118 47 -124 27 -126 24 -127 12 -127 -4 -119 -47 -103 -74 -92 -89 -101 -78 -120 -45 -119 -45 -112 -62 -121 -35 -128 -4 -117 -48 -99 -82 -102 -76
step -109 -66 -127 -13 -128 0 -128 -1 -124 -29 -121 -41 -116 -52 -119 -47 -126 -22 -128 0 -128 0 -128 0 -127 0 -127 -11 -121 -41 -121 -41 -128 -3
step -126 -14 -127 -18 -127 0 -127 -14 -122 -40 -119 -45 -124 -28 -127 -1 -128 3 -125 26 -128 3 -128 0 -16 0
branch 2876 2975 2873 2974 2871 2974 2870 2974 2868 2974 2866 2974
bpath 368208 380880
bstep -122 -32 -127 -1 -114 -49 -107 -66 -120 -40 -127 2 -127 0 -126 3 -122 28 -125 22 -63 5
branch 2875 2975 2872 2975 2871 2975 2870 2975 2869 2975 2868 2975 2866 2974
bpath 368080 380880
bstep -122 -32 -126 18 -125 5 -125 -22 -128 -1 -127 0 -128 8 -126 -11 -110 -60 -35 -33
branch 2865 2974 2864 2975 2863 2975 2862 2975 2860 2974 2857 2975
bpath 366800 380752
bstep -102 73 -118 35 -124 15 -110 -60 -113 -56 -126 -7 -124 17 -118 45 -89 66
block 2870 2975 0 NORTH
block 2871 2974 0 NORTH
block 2869 2974 0 NORTH
block 2871 2975 0 NORTH
block 2863 2974 0 WHOLE
block 2869 2975 0 NORTH
block 2862 2976 0 WHOLE
block 2870 2974 0 NORTH
surface 2863 2975 0 NORTH
lake 0 2913 2954
water 11624 11792
4* 28 4, 26 18, 2* 25 19, 24 20, 24 24, 23 25, 22 26, 21 27, 5* 20 32, 2* 19 33, 17 35, 4* 8 44, 4* 4 52, 4* 8 44, 8 3 5 36, 2* 8 1 7 36, 16 36, 17 35
18 34, 19 33, 20 32, 4* 20 28, 4* 20 24, 4* 28 4
