route 0 1300 9797 1295 9790 1302 9785 1308 9785 1325 9782 1325 9766
water 5112 39064
4* 188 4, 4* 188 8, 12* 184 12, 8* 180 16, 12* 176 16, 4* 180 16, 4* 180 20, 8* 184 16, 8* 180 20, 4* 100 20 4 12 44 20, 4* 96 48 32 24, 4* 80 72 8 36
4* 76 120, 4* 72 40 12 68, 4* 68 32 32 52, 4* 64 24 52 32, 5* 64 20, 64 1 10 9, 64 1 13 6, 64 1 14 5, 4* 64 16, 4* 64 20, 4* 64 24 12 8, 4* 64 52
4* 64 60, 4* 68 60, 2* 68 62, 68 63, 5* 68 62, 3* 72 58, 72 57, 3* 76 53, 3* 76 52, 2* 76 51, 2* 80 46, 2* 80 45, 4* 84 36
path 166480 1254096
step -123 -30 -110 -65 -100 -79 -77 -102 -67 -108 -65 -110 -33 -122 -1 -128 -27 -125 42 -115 79 -101 78 -101 73 -105 94 -86 111 -64 114 -57 123 -35
step 128 -6 122 -35 105 -72 115 -49 127 6 109 66 116 52 126 17 118 -50 124 -27 122 31 117 54 114 56 113 60 121 42 127 12 128 0 128 -1 122 -35 120 -44
step 126 -24 119 -45 124 -33 110 -62 76 -102 57 -114 67 -109 26 -125 14 -126 -3 -128 -35 -123 -48 -119 -38 -122 -31 -124 -5 -128 0 -128 20 -126
step 37 -122 34 -123 46 -119 23 -125 -5 -128 -26 -125 -1 -32
branch 1305 9784 1308 9783 1311 9784 1313 9785
bpath 167120 1252432
bstep 117 -52 115 -54 125 -22 127 14 109 66 116 49 105 67 114 55 96 5
block 1313 9788 0 WHOLE
block 1326 9776 0 WHOLE
block 1295 9787 0 WHOLE
block 1307 9782 0 WHOLE
block 1295 9798 0 WHOLE
block 1323 9771 0 WHOLE
block 1323 9777 0 WHOLE
block 1324 9768 0 WHOLE
block 1298 9792 0 WHOLE
block 1309 9796 0 WHOLE
block 1298 9790 0 WHOLE
block 1323 9780 0 WHOLE
block 1308 9795 0 WHOLE
block 1299 9788 0 WHOLE
block 1322 9774 0 WHOLE
block 1294 9788 0 WHOLE
block 1303 9782 0 WHOLE
block 1309 9786 0 WHOLE
block 1303 9793 0 WHOLE
block 1320 9788 0 WHOLE
block 1318 9784 0 WHOLE
block 1311 9787 0 WHOLE
block 1326 9785 0 WHOLE
block 1308 9784 0 WHOLE
block 1326 9772 0 WHOLE
block 1299 9803 0 WHOLE
block 1301 9787 0 NORTH
block 1298 9784 0 WHOLE
block 1294 9795 0 WHOLE
block 1305 9786 0 WHOLE
block 1298 9802 0 WHOLE
block 1306 9803 0 WHOLE
block 1304 9793 0 WHOLE
block 1302 9783 0 WHOLE
block 1315 9784 0 WHOLE
block 1299 9793 0 WHOLE
block 1310 9797 0 WHOLE
block 1306 9794 0 WHOLE
block 1302 9787 0 WHOLE
block 1325 9786 0 WHOLE
block 1327 9783 0 WHOLE
block 1322 9783 0 WHOLE
block 1309 9782 0 WHOLE
block 1323 9787 0 WHOLE
block 1297 9785 0 WHOLE
block 1322 9775 0 WHOLE
block 1296 9799 0 WHOLE
block 1296 9786 0 WHOLE
block 1311 9782 0 WHOLE
block 1322 9773 0 WHOLE
block 1310 9782 0 WHOLE
block 1327 9777 0 WHOLE
block 1313 9783 0 WHOLE
block 1307 9803 0 WHOLE
allow 1295 9790 0 WHOLE
allow 1297 9790 0 WHOLE
allow 1294 9790 0 WHOLE
allow 1296 9790 0 WHOLE
surface 1325 9768 0 WHOLE
surface 1325 9767 0 WHOLE
surface 1326 9768 0 WHOLE
surface 1326 9767 0 WHOLE
lake 0 1303 9798
fish 50
water 5180 39172
4* 32 8, 4* 16 32, 12* 12 44, 4* 8 52, 12* 12 44, 4* 16 36, 4* 20 28
block 1308 9795 0 WHOLE
block 1306 9794 0 WHOLE
block 1298 9802 0 WHOLE
block 1309 9796 0 WHOLE
block 1299 9803 0 WHOLE
block 1306 9803 0 WHOLE
block 1304 9793 0 WHOLE
block 1299 9793 0 WHOLE
block 1303 9793 0 WHOLE
block 1307 9803 0 WHOLE
