route 0 2668 4687 2680 4701 2664 4714 2663 4720
water 10616 18716
4* 56 4, 4* 44 28, 4* 36 44, 5* 32 48, 2* 32 47, 32 46, 5* 28 50, 2* 28 49, 28 48, 28 47, 28 46, 28 45, 28 44, 25 47, 27 46, 29 44, 31 44, 33 43
34 43, 35 43, 36 43, 36 44, 2* 37 44, 39 43, 45 37, 47 36, 49 34, 51 33, 53 31, 55 30, 65 21, 67 20, 69 19, 71 18, 77 12, 79 11, 81 9, 82 9, 83 8
84 8, 85 7, 86 7, 87 7, 88 7, 88 8, 89 8, 89 9, 90 9, 90 11, 91 12, 91 13, 92 13, 93 13, 94 13, 95 13, 96 13, 96 14, 2* 97 14, 2* 98 14, 2* 99 14
14* 100 14, 2* 99 14, 2* 98 14, 2* 97 14, 2* 96 14, 2* 95 14, 94 14, 94 13, 93 13, 91 14, 89 15, 87 16, 85 17, 83 18, 81 19, 75 24, 73 24, 71 24
69 24, 67 24, 65 24, 63 16, 61 16, 51 24, 49 24, 47 24, 45 24, 43 24, 41 24, 41 22, 40 21, 40 11 2 6, 39 10 6 2, 39 10, 2* 38 10, 2* 37 11, 2* 36 12
2* 35 12, 2* 34 12, 2* 33 12, 2* 32 12, 2* 32 11, 2* 32 10, 2* 33 9, 9* 34 8, 35 6, 36 4
path 341584 600016
step 92 88 102 77 105 72 109 67 106 71 100 80 97 83 99 81 82 97 72 106 71 106 77 101 81 99 90 91 88 93 77 102 69 107 19 125 0 128 0 127 -17 126
step -54 116 -69 107 -70 106 -76 103 -101 77 -114 58 -116 54 -122 36 -127 16 -120 42 -115 56 -114 58 -114 57 -116 53 -122 37 -128 5 -124 24 -103 75
step -80 99 -41 120 -27 123 -79 100 -51 117 -8 127 0 128 0 127 0 128 0 16
surface 2675 4693 0 WHOLE
surface 2675 4694 0 WHOLE
surface 2676 4693 0 WHOLE
surface 2676 4694 0 WHOLE
route 0 2663 4724 2660 4738
water 10604 18896
47 2, 2* 45 6, 2* 44 8, 43 8, 42 9, 41 9, 40 10, 39 11, 38 12, 37 13, 35 14, 33 15, 31 16, 29 16, 28 15, 27 14, 26 15, 25 15, 24 16, 2* 23 16
6* 22 16, 2* 23 16, 2* 24 16, 2* 25 16, 2* 26 16, 2* 27 16, 2* 28 16, 2* 28 17, 2* 28 18, 2* 28 19, 6* 28 20, 2* 27 21, 2* 26 22, 2* 26 21, 2* 26 20
2* 27 18, 2* 28 16, 2* 29 15, 2* 30 14, 2* 31 12, 2* 32 10, 2* 32 9, 2* 32 8, 2* 33 6, 35 2
path 340944 604752
step -88 93 -64 110 -92 87 -106 72 -96 84 -88 92 -69 108 -36 122 23 124 56 115 56 115 35 123 31 124 22 125 0 128 12 126 20 44
lake 0 2667 4686
water 10636 18720
4* 32 4, 4* 20 28, 4* 16 36, 12* 12 44, 8 47, 8 46, 8 45, 8 44, 12 40, 2* 12 41, 12 43, 13 43, 14 42, 15 41, 2* 16 40, 2* 17 39, 19 37, 25 27, 27 25
29 23, 31 21, 33 15, 35 13, 45 3, 47 1
lake 0 2659 4739
water 10604 18932
4* 32 4, 28 16, 2* 28 17, 2* 28 18, 2* 28 19, 6* 28 20, 2* 27 21, 2* 26 22, 2* 26 21, 2* 26 20, 2* 27 18, 2* 28 16, 2* 29 15, 2* 30 14, 2* 31 12
2* 32 10, 2* 32 9, 2* 32 8, 2* 33 6, 35 2
