route 0 1272 3700 1274 3684 1268 3668 1256 3670 1255 3670 1246 3667 1231 3661 1223 3665 1203 3663
water 4744 14615
62 5, 58 10, 55 14, 53 17, 51 20, 49 23, 48 25, 46 28, 45 30, 44 32, 43 34, 42 35, 41 37, 40 38, 39 39, 2* 38 40, 40 38, 2* 40 39, 40 40, 44 36 107 14
44 37 104 18, 44 38 101 22, 44 39 98 26, 48 36 83 54, 48 37 80 58, 48 37 78 62, 48 38 75 66, 56 30 61 82, 56 31 58 86, 56 31 52 94, 56 32 49 98
64 25 46 101, 64 27 42 104, 64 29 34 110, 64 31 30 113, 64 33 26 115, 64 35 22 118, 64 41 14 120 84 10, 64 43 10 123 81 14, 68 111 10 51 71 25
68 109 14 50 68 28, 68 107 18 49 65 31, 68 105 21 49 62 34, 64 108 22 50 60 36, 64 108 23 50 58 38, 64 108 23 51 56 40, 64 108 24 51 54 42
64 108 24 53 50 46, 64 109 23 55 46 50, 64 109 23 61 38 54, 64 110 22 63 34 58, 60 27 6 81 21 66 26 65, 60 25 10 80 18 70 22 68
60 23 14 78 16 28 2 48 14 71, 60 21 18 77 13 28 6 48 10 74, 60 19 22 22 10 43 8 31 10 131, 60 18 25 18 14 42 6 31 12 131
60 17 28 14 18 41 4 31 14 130, 60 16 31 10 22 40 2 31 16 130, 56 20 65 71 17 129, 56 19 67 69 20 127, 56 19 68 68 22 125, 56 18 70 66 25 123
56 18 71 64 28 121, 56 18 73 61 30 120, 56 18 75 58 32 119, 56 18 77 54 35 118, 56 18 79 46 42 117, 56 19 80 42 45 117, 56 19 82 38 48 116
56 20 83 34 51 116, 56 20 85 30 54 70 6 39, 56 21 86 27 56 67 10 37, 56 22 95 16 58 64 14 35, 56 23 96 13 60 61 17 34, 58 23 96 10 62 54 23 34
62 21 96 6 66 50 26 33, 67 18 168 46 28 33, 70 17 168 42 31 32, 73 15 173 34 33 32, 77 12 174 31 35 30, 81 9 175 28 36 30, 84 7 176 25 38 28
86 6 177 22 39 28, 89 4 177 20 41 26, 92 2 177 18 42 26, 272 16 44 24, 273 14 45 24, 275 10 47 23, 277 6 49 23, 279 2 51 22, 332 22, 2* 332 23
2* 332 24, 2* 331 25, 2* 330 26, 2* 329 28, 2* 328 30, 2* 328 31, 2* 328 32, 329 32, 329 33, 330 33, 331 34, 332 35, 333 35, 335 34, 337 33, 338 33
339 32, 2* 340 32, 2* 341 30, 2* 342 28, 2* 343 26, 2* 344 24, 2* 345 23, 2* 346 22, 2* 346 23, 2* 346 24, 345 26, 345 28 22 2, 344 31 18 4
344 33 14 6, 343 36 10 9, 343 38 6 10, 342 41 2 12, 342 55, 341 57, 339 58, 337 60, 336 61, 335 63, 334 63, 333 64, 332 65, 331 67, 330 67, 329 68
327 70, 325 72, 323 74, 321 76, 320 77, 319 78, 318 78, 317 79, 316 79, 315 79, 315 78, 314 78, 314 77, 313 76, 313 74, 312 73, 312 63, 312 61, 312 55
2* 312 54, 2* 313 52, 2* 314 50, 2* 315 50, 316 50, 317 49, 318 49, 319 49, 320 49, 320 50, 2* 321 50, 2* 322 50, 2* 323 50, 6* 324 50, 2* 325 48
326 46, 326 45, 327 43, 327 42, 328 40, 329 38, 330 35, 331 32, 332 29, 333 26, 335 22, 337 18, 339 14
path 162896 473680
step -88 -93 -39 -119 2 -127 47 -118 72 -106 77 -102 83 -97 90 -90 83 -97 25 -123 0 -128 0 -128 0 -128 0 -128 -3 -128 -26 -125 -13 -126 -54 -116
step -63 -111 -68 -108 -60 -113 -70 -107 -73 -105 -18 -125 0 -128 0 -128 0 -128 0 -128 0 -128 0 -127 -22 -125 -56 -115 -73 -105 -89 -91 -98 -82
step -108 -69 -117 -50 -127 -8 -128 0 -126 19 -115 55 -115 56 -119 45 -120 46 -106 71 -122 28 -128 0 -128 0 -128 0 -128 0 -128 0 -128 0 -127 0 -128 -7
step -117 -49 -112 -63 -112 -61 -106 -71 -97 -82 -110 -61 -110 -62 -93 -89 -90 -90 -92 -89 -107 -69 -116 -54 -126 -17 -128 0 -127 -4 -110 -62 -93 -87
step -108 -68 -122 -36 -125 -26 -128 -5 -127 5 -123 36 -125 26 -124 30 -119 45 -105 72 -96 85 -102 77 -103 76 -113 54 -125 -23 -128 -3 -128 0 -128 0
step -128 0 -127 3 -125 28 -121 42 -120 42 -127 13 -128 -1 -122 -33 -120 -45 -120 -44 -119 -46 -121 -40 -127 -15 -123 -27 -102 -76 -123 -25 -128 0
step -16 0
branch 1242 3664 1236 3668 1230 3670 1225 3668 1223 3665 1220 3665
bpath 159056 469072
bstep -118 -48 -126 -16 -128 4 -109 62 -83 96 -61 112 -57 114 -53 117 -87 87 -119 47 -114 57 -118 48 -113 60 -115 53 -125 -11 -126 -18 -118 -49
bstep -115 -54 -97 -82 -109 -63 -86 -74 -49 -116 -78 -101 -96 -84 -119 -43 -127 -2 -126 12 -44 20
branch 1262 3669 1259 3672 1256 3673 1255 3673 1252 3672 1249 3669
bpath 161616 469712
bstep -127 1 -114 51 -86 92 -53 115 -33 118 -103 74 -110 58 -127 3 -127 0 -127 0 -123 -24 -98 -80 -76 -101 -84 -95 -98 -80 -108 -68 -70 -64
block 1255 3669 0 WHOLE
block 1256 3674 0 WHOLE
block 1256 3671 0 WHOLE
block 1255 3672 0 WHOLE
block 1255 3671 0 WHOLE
block 1255 3674 0 WHOLE
block 1256 3672 0 WHOLE
block 1256 3669 0 WHOLE
lake 0 1265 3697 1272 3706
fish 60
water 5028 14769
47 1, 46 2, 45 3, 43 9, 41 11, 39 13, 37 15, 36 20, 35 21, 34 22, 33 23, 32 24, 2* 31 25, 2* 30 26, 2* 29 27, 28 28, 4* 28 32, 28 28, 2* 29 27
2* 30 26, 2* 31 25, 32 24, 33 23 4 4, 34 22 4 4, 35 21 4 4, 36 20 4 4, 36 40, 2* 37 39, 38 38, 38 42, 2* 39 41, 40 40, 5* 40 44, 2* 41 43, 2* 42 42
2* 43 41, 44 40, 45 38, 46 35, 47 32, 48 29, 49 26, 51 22, 53 18, 55 14
