route 0 2819 3369 2842 3358 2856 3362 2858 3362 2868 3359
water 11240 13404
4* 232 4, 4* 232 16, 232 24, 2* 231 25, 229 27, 227 33, 225 35, 224 36, 223 37, 222 38, 2* 221 39, 220 40, 119 6 14 6 75 44, 117 10 10 10 72 45
115 32 72 45, 113 35 69 47, 112 36 68 48, 111 37 67 49, 110 38 66 50, 109 39 65 51, 99 49 63 53, 97 52 60 55, 97 52 58 57, 96 55 54 59, 96 57 22 93
95 60 18 95, 95 173, 93 175, 79 2 10 36 10 127, 77 6 6 36 14 125, 77 48 16 123, 76 48 18 122, 76 48 19 121, 75 48 21 120, 75 48 22 119, 73 48 26 117
67 48 50 99, 65 48 54 97, 64 49 54 97, 63 49 56 96, 62 50 57 42 6 43, 61 50 60 38 10 41, 61 34 10 6 66 32 12 39, 60 33 14 2 70 29 14 38
60 27 94 27 15 37, 59 26 98 25 16 36, 59 26 98 25 17 35, 57 27 100 24 18 34, 55 28 101 24 19 29, 53 28 104 22 21 28, 53 26 106 22 22 27
52 25 110 18 26 25, 52 19 162 15, 2* 51 18 166 13, 49 19 168 12, 43 25 168 4, 2* 41 26 169 4, 40 25 171 4, 39 20, 37 20, 37 18, 36 17, 36 16, 2* 37 14
39 10
path 360912 431312
step 101 -78 114 -57 118 -48 111 -64 102 -76 99 -79 109 -67 92 -89 91 -89 112 -58 122 -38 110 -63 96 -84 119 -38 126 -18 119 -45 122 -38 122 -39
step 111 -62 116 -51 121 -41 116 -53 95 -85 104 -71 127 -9 128 6 127 -4 128 -2 122 28 96 84 92 89 109 63 125 24 128 0 128 1 125 24 123 33 122 37
step 112 59 98 81 124 21 128 0 128 0 128 0 126 -13 101 -76 96 -85 115 -54 121 -40 125 -20 128 -1 125 -26 128 -6 120 -38 41 -25
branch 2852 3361 2853 3361 2856 3360 2858 3360 2860 3360 2863 3360
bpath 365136 430288
bstep 125 -16 102 -76 119 -36 127 0 127 0 127 0 127 0 127 4 118 47 124 -11 122 -35 63 -5
block 2856 3363 0 WHOLE
block 2857 3361 0 WHOLE
block 2858 3363 0 WHOLE
block 2857 3359 0 WHOLE
block 2858 3361 0 WHOLE
block 2857 3363 0 WHOLE
block 2856 3361 0 WHOLE
block 2856 3359 0 WHOLE
block 2858 3359 0 WHOLE
