route 0 3109 3551 3122 3534 3127 3523 3131 3520 3131 3513 3126 3502 3119 3496 3110 3489 3106 3481 3102 3471 3102 3458 3102 3454 3103 3449 3105 3441 3112 3433 3105 3424 3105 3417 3110 3405 3115 3394 3124 3389 3138 3387 3146 3381 3151 3366 3161 3350 3171 3345 3182 3347 3193 3341 3213 3319 3216 3307 3218 3292 3223 3280 3234 3265 3237 3249 3240 3233 3246 3221 3260 3209 3260 3199 3256 3185 3251 3170 3252 3154
water 12400 12584
4* 608 4, 4* 596 28, 4* 588 44, 8* 584 52, 9* 580 60, 2* 581 59, 582 58, 582 62, 2* 583 61, 584 60, 584 59, 584 58, 584 57, 2* 584 56, 2* 584 55
2* 584 54, 2* 584 53, 584 52, 584 51, 585 49, 585 48, 586 46, 587 45, 588 43, 589 42, 2* 590 40, 2* 591 38, 2* 592 36, 2* 592 35, 2* 592 34, 591 34
590 35, 589 35, 9* 588 36, 2* 589 35, 6* 590 34, 2* 589 34, 2* 588 34, 2* 588 33, 2* 588 32, 2* 588 31, 2* 588 30, 2* 589 29, 2* 590 28, 2* 591 27
2* 592 26, 2* 592 27, 10* 592 28, 2* 593 28, 2* 594 28, 2* 595 28, 2* 596 28, 596 29, 596 30, 596 31, 596 32, 596 33, 596 34, 596 35, 9* 596 36
2* 597 35, 2* 598 34, 2* 599 33, 600 32, 601 31, 602 31, 603 30, 604 31, 605 31, 2* 607 29, 2* 608 28, 2* 609 28, 610 29, 610 30, 2* 611 30, 2* 612 30
2* 613 30, 615 29, 617 27, 2* 619 26, 620 27, 620 28, 2* 621 27, 2* 622 26, 2* 623 26, 2* 624 26, 2* 624 27, 6* 624 28, 2* 625 27, 2* 626 26
2* 627 24, 6* 628 22, 2* 629 21, 2* 630 20, 2* 631 19, 2* 632 18, 2* 632 19, 6* 632 20, 2* 633 19, 6* 634 18, 2* 635 10 2 4, 2* 636 14, 2* 636 13
6* 636 12, 2* 635 13, 10* 634 14, 2* 633 16, 2* 632 18, 2* 631 20, 2* 630 22, 2* 629 23, 6* 628 24, 2* 627 25, 2* 626 26, 625 26, 624 27, 623 27
622 28, 621 28, 619 30, 617 31, 615 32, 613 21 4 8, 611 22 6 6, 609 23 7 5, 608 24 7 4, 608 25 6 3, 608 25 5 3, 608 32, 608 22 1 8, 607 21 3 7
607 21 3 6, 606 23 1 6, 606 29, 605 28, 603 28, 601 28, 583 44, 581 45, 579 46, 577 47, 576 47, 575 46, 574 47, 573 47, 572 47, 571 47, 571 46, 570 46
570 45, 570 27 2 14, 570 27 2 12, 570 39, 570 17 2 10, 570 15 5 7, 570 15 6 6, 2* 570 15 6 5, 570 15 6 4, 570 16 4 5, 6* 570 24, 2* 570 23, 2* 570 22
569 14 3 5, 569 13 5 4, 2* 568 13 6 3, 567 15 4 3, 566 17 3 3, 565 23, 563 24, 561 20 2 3, 560 21 2 2, 559 25, 558 26, 2* 557 26, 2* 556 26
2* 555 18 2 6, 554 26, 554 25, 553 25, 553 18 3 3, 2* 552 18 4 2, 552 19 3 1, 552 23, 552 21, 552 20, 2* 552 19, 552 17, 552 16, 551 16, 551 15
550 15, 550 9 1 5, 549 9 4 2, 549 8 6 2, 548 8 7 2, 548 8 7 3, 2* 548 9 5 4, 548 11 1 7, 2* 548 19, 3* 548 20, 2* 547 20, 546 19, 546 17, 2* 545 16
2* 544 16, 544 3 2 11, 544 2 4 10, 2* 544 1 6 9, 544 1 6 8, 544 3 3 9, 2* 544 14, 2* 545 14, 6* 546 14, 2* 546 15, 2* 546 16, 2* 545 17, 2* 544 18
2* 543 19, 541 21, 540 22, 2* 539 22, 2* 538 22, 2* 538 21, 538 20, 538 4 1 15, 2* 538 2 3 14, 538 3 1 14, 538 18, 2* 539 17, 2* 540 16, 2* 541 15
10* 542 14, 2* 541 8 2 5, 2* 540 16, 2* 539 17, 537 19, 536 20, 535 21, 535 12 3 6, 534 12 5 5, 534 12 4 6, 534 13 3 5, 534 21, 2* 534 20, 2* 533 20
14* 532 20, 2* 532 19, 2* 532 18, 2* 532 17, 2* 532 16, 2* 531 17, 2* 530 18, 2* 529 19, 2* 528 20, 2* 528 19, 528 18, 528 2 1 14, 527 1 3 13
527 1 3 12, 526 3 1 12, 5* 526 16, 2* 525 16, 524 16, 523 16, 521 16, 519 16, 517 17, 516 18, 2* 515 18, 2* 514 18, 2* 513 18, 512 18, 512 17, 511 17
510 17, 509 17, 508 18, 507 18, 507 3 4 11, 2* 506 4 4 10, 505 5 3 10, 500 23, 499 23, 498 23, 497 23, 495 24, 493 24, 492 23, 491 23, 490 23, 489 23
488 23, 487 22, 487 20, 485 21, 483 23, 481 25, 479 27, 477 29, 476 30, 475 4 3 23, 475 3 5 22, 2* 474 3 6 21, 473 5 5 20, 473 5 3 22, 472 29
472 3 2 22, 471 2 5 19, 471 2 6 16, 469 3 8 14, 468 5 6 15, 467 6 6 14, 467 8 3 15, 2* 466 26, 2* 465 27, 2* 464 28, 2* 464 27, 464 25, 464 24
2* 465 23, 6* 466 22, 465 6 2 15, 465 4 5 14, 2* 464 5 6 13, 464 6 5 13, 464 6 4 14, 6* 464 24, 2* 463 25, 462 26, 462 22, 461 5 3 15, 461 4 6 13
2* 460 5 6 13, 460 6 4 14, 460 7 2 15, 2* 460 24, 2* 459 25, 458 26, 458 25, 457 25, 457 24, 2* 456 24, 2* 456 23, 2* 456 22, 2* 456 23, 3* 456 24
456 18 3 3, 2* 456 18 4 2, 455 19 4 2, 455 25, 454 26, 454 16 1 9, 2* 453 16 3 7, 452 17 2 7, 452 26, 2* 452 1 2 22, 2* 452 24, 2* 453 23, 2* 454 22
2* 455 21, 2* 456 20, 2* 456 19, 2* 456 18, 2* 456 17, 2* 456 16, 2* 455 17, 2* 454 18, 2* 453 19, 2* 452 20, 452 2 3 15, 2* 452 1 6 13, 460 12
451 2 6 12, 451 3 5 12, 450 5 2 13, 450 20, 2* 450 3 2 14, 2* 450 18, 2* 451 17, 2* 452 16, 2* 453 16, 2* 454 16, 454 17, 454 18, 454 19, 454 20
2* 453 21, 452 22, 452 15 1 6, 451 15 4 4, 450 15 6 3, 449 15 7 3, 448 16 7 3, 2* 447 18 5 3, 446 21 1 4, 446 25, 445 20 2 3, 445 20 2 2, 2* 444 24
2* 443 24, 2* 442 24, 2* 441 25, 2* 440 26, 439 26, 438 27, 437 27, 431 32, 429 32, 428 27, 427 26, 426 26, 2* 425 26, 2* 424 26, 2* 424 25, 2* 424 24
2* 423 24, 421 24, 420 23, 419 22, 419 20, 2* 418 20, 2* 417 20, 10* 416 20, 2* 415 21, 2* 414 22, 2* 413 23, 2* 412 24, 2* 411 25, 2* 410 26
2* 409 26, 2* 408 26, 2* 407 26, 2* 406 26, 2* 405 27, 2* 404 28, 403 28, 402 29, 401 29, 391 38, 389 39, 387 40, 385 40, 383 41, 381 42, 379 44
377 45, 375 47, 373 48, 371 50, 369 51, 363 56, 361 56, 359 58, 357 59, 356 58 1 1, 355 57, 355 54, 353 53, 352 52, 351 52, 350 53, 349 52, 347 48
345 48, 343 48, 341 48, 275 22 42 48, 273 26 38 48, 271 30 34 48, 269 34 30 48, 263 41 28 47, 261 44 26 46, 259 47 24 45, 257 50 22 44, 256 115
255 114, 254 113, 253 112, 252 107, 251 106, 251 96, 249 96, 231 6 6 36 14 51, 229 10 2 36 18 48, 227 48 22 46, 225 48 26 43, 224 48 28 42
223 48 30 40, 222 49 30 40, 221 49 32 38, 220 50 32 37, 219 51 32 35, 219 51 32 33, 217 53 32 31, 216 54 32 29, 215 56 30 28, 214 57 30 28
213 59 28 28, 212 60 28 27, 211 62 26 27, 211 63 24 27, 209 66 22 27, 208 69 18 29, 208 71 14 30, 208 39 2 32 10 32, 208 37 6 32 6 33, 208 35 10 69
2* 207 34 14 66, 205 35 16 64, 204 35 18 62, 203 34 21 60, 203 34 22 58, 202 34 24 56, 202 33 26 54, 201 32 30 50, 201 30 34 46, 200 29 38 42
200 27 42 38, 200 25 46 34, 200 25 48 30, 200 24 51 26, 200 24, 2* 200 23, 2* 200 22, 2* 199 22, 6* 198 22, 2* 199 20, 2* 200 18, 2* 200 17, 2* 200 16
2* 199 17, 2* 198 18, 2* 197 18, 6* 196 18, 2* 195 19, 2* 194 20, 2* 193 21, 2* 192 22, 2* 192 23, 2* 192 24, 2* 191 25, 2* 190 26, 2* 189 27
2* 188 28, 2* 187 29, 2* 186 30, 2* 185 30, 2* 184 30, 2* 184 29, 6* 184 28, 2* 183 28, 181 29, 180 30, 2* 180 29, 180 28, 180 27, 2* 180 25
2* 180 24, 2* 179 25, 177 27, 176 28, 2* 175 29, 2* 174 30, 2* 173 30, 2* 172 30, 2* 172 29, 2* 172 28, 2* 171 29, 169 31, 167 33, 165 34, 163 36
161 37, 160 38, 2* 159 38, 157 39, 151 44, 149 44, 147 46, 145 47, 143 48, 141 48, 139 48, 137 48, 120 63, 119 62, 79 6 34 62, 77 10 30 63, 75 104
2* 73 104, 72 104, 71 100, 69 100, 69 46 6 48, 68 45 10 45, 68 35 26 38, 67 34 30 34, 67 28 36 32, 66 27 39 29, 66 25, 65 24, 65 22, 2* 64 22
2* 63 22, 61 23, 60 23, 2* 59 22, 57 23, 56 23, 55 23, 54 23, 53 23, 52 23, 2* 51 22, 49 23, 48 23, 47 22, 46 23, 45 23, 44 23, 2* 43 22, 41 23, 40 23
39 22, 39 20, 38 19, 38 18, 2* 37 18, 2* 36 18, 2* 36 17, 6* 36 16, 2* 36 15, 2* 36 14, 2* 37 13, 2* 38 12, 2* 38 13, 2* 38 14, 2* 37 15, 2* 36 16
2* 35 17, 33 19, 32 20, 2* 32 19, 32 18, 32 15, 31 14, 31 12, 29 13, 28 14, 2* 27 15, 2* 26 15, 25 15, 25 16, 24 17, 3* 24 18, 3* 24 19, 3* 24 20
2* 24 19, 24 17, 24 16, 2* 23 16, 22 15, 22 14, 2* 21 14, 2* 20 14, 2* 19 14, 18 14, 18 13, 2* 17 12, 2* 16 12, 2* 16 11, 2* 16 10, 2* 16 11
18* 16 12, 16 13, 16 14, 16 15, 16 16, 2* 16 17, 16 19, 17 20, 18 21, 19 22, 20 23, 21 23, 2* 23 22, 24 23, 25 23, 27 22, 27 23, 28 23, 29 23, 30 23
31 22, 32 22, 33 21, 2* 35 20, 36 20, 37 19, 38 19, 39 18, 2* 40 18, 2* 40 19, 6* 40 20, 2* 40 19, 2* 40 18, 39 18, 38 19, 37 19, 35 20, 33 21, 31 22
29 23, 28 24, 2* 27 24, 25 24, 24 24, 23 24, 22 25, 21 24, 20 23, 2* 19 22, 17 23, 16 19, 2* 15 18, 14 18, 14 17, 13 17, 13 16, 2* 12 16, 2* 12 15
2* 12 14, 2* 12 13, 2* 12 12, 2* 11 13, 2* 10 14, 2* 9 15, 6* 8 16, 2* 8 15, 2* 8 14, 2* 7 14, 2* 6 14, 2* 5 15, 6* 4 16, 2* 5 14, 2* 6 12, 2* 6 11
2* 6 10, 2* 5 10, 6* 4 10, 2* 4 11, 6* 4 12, 2* 4 11, 6* 4 10, 2* 4 11, 2* 4 12, 2* 5 11, 6* 6 10, 2* 5 11, 14* 4 12, 2* 4 11, 2* 4 10, 2* 5 9, 2* 6 8
2* 6 9, 2* 6 10, 2* 5 11, 6* 4 12, 2* 5 12, 2* 6 12, 2* 6 13, 2* 6 14, 2* 5 16, 2* 4 18, 2* 4 19, 2* 4 20, 2* 5 19, 2* 6 18, 2* 7 18, 2* 8 18, 2* 9 18
2* 10 18, 2* 11 18, 2* 12 18, 2* 13 18, 2* 14 18, 2* 15 17, 6* 16 16, 2* 17 15, 2* 18 14, 2* 19 14, 20 15, 21 16, 22 17, 23 16, 24 16, 25 15, 2* 27 14
2* 28 14, 2* 29 14, 31 13, 32 12, 2* 33 11, 2* 34 10, 2* 34 11, 2* 34 12, 2* 35 12, 36 12, 37 11, 38 11, 39 11, 40 11, 41 12, 42 13, 43 14, 44 15
45 15, 47 14, 49 12, 51 12, 57 8, 2* 59 8, 60 8, 60 13, 2* 61 14, 63 13, 69 12, 2* 71 12, 2* 72 12, 2* 73 12, 75 12, 76 17, 77 18, 77 19, 79 18, 85 13
2* 87 11, 2* 88 10, 2* 89 10, 90 10, 91 9, 92 9, 93 8, 95 8, 96 8, 97 8, 97 9, 98 9, 98 10, 2* 99 10, 100 11, 101 11, 2* 103 9, 104 8, 105 7, 2* 107 6
2* 108 6, 2* 108 5, 2* 108 4, 2* 108 5, 108 7, 108 8, 2* 109 8, 2* 110 8, 2* 111 8, 112 8, 113 8, 115 5, 115 6, 116 5, 117 5, 2* 119 3, 3* 120 3
3* 120 4, 2* 120 5, 120 7, 120 8, 2* 121 8, 2* 122 8, 2* 123 8, 22* 124 8, 2* 123 9, 2* 122 10, 121 10, 119 12, 117 13, 111 18, 109 19, 108 19, 107 19
106 19, 105 19, 104 19, 103 18, 102 13, 101 12, 101 10, 2* 100 10, 2* 100 9, 2* 100 8, 2* 99 8, 2* 98 8, 2* 97 8, 6* 96 8, 2* 95 9, 93 11, 92 11
2* 91 10, 90 10, 90 9, 2* 89 8, 88 8, 88 7, 2* 88 5, 2* 88 4, 2* 87 5, 85 7, 84 8, 2* 83 9, 2* 82 10, 2* 81 10, 80 9, 80 8, 2* 80 7, 2* 80 6, 2* 79 6
77 7, 76 8, 2* 75 8, 74 7, 74 6, 2* 73 7, 2* 72 8, 2* 71 8, 69 9, 67 11, 65 12, 64 13, 63 13, 62 13, 61 12, 60 13, 59 13, 58 13, 57 12, 57 10
2* 56 10, 2* 56 9, 6* 56 8, 2* 55 8, 53 9, 52 10, 2* 51 10, 49 11, 48 11, 47 10, 46 11, 45 11, 44 11, 2* 43 10, 41 11, 40 11, 39 10, 38 11, 37 11
36 11, 35 10, 35 8, 33 9, 32 9, 3* 32 8
path 398032 454608
step 93 -88 101 -78 93 -89 90 -90 91 -91 90 -90 80 -100 33 -122 16 -126 44 -120 79 -101 100 -79 102 -77 96 -85 69 -107 48 -118 65 -110 80 -100 49 -118
step 44 -120 75 -103 97 -82 -2 -127 26 -125 63 -110 77 -103 86 -95 59 -112 24 -125 44 -120 54 -116 42 -121 55 -116 88 -92 106 -70 124 -30 121 -40
step 106 -71 79 -100 61 -112 52 -116 12 -127 0 -128 0 -128 -4 -128 -39 -122 -61 -112 -86 -95 -38 -120 -30 -124 -41 -121 -72 -106 -77 -102 -67 -109
step -72 -106 -21 -124 -4 -128 -37 -122 -69 -107 -79 -100 -92 -89 -85 -95 -79 -101 -76 -103 -72 -105 -93 -87 -117 -51 -113 -60 -106 -70 -88 -93
step -93 -89 -114 -54 -120 -42 -99 -81 -91 -90 -106 -70 -120 -43 -115 -56 -97 -82 -76 -103 -74 -105 -55 -113 -30 -125 -49 -118 -72 -105 -89 -92
step -89 -91 -77 -102 -43 -119 1 -128 -52 -116 -47 -119 -57 -115 -57 -114 -56 -115 -43 -121 -47 -119 -50 -117 -9 -128 -17 -125 -43 -121 -4 -128 0 -128
step -2 -128 -25 -125 -5 -127 0 -128 0 -128 12 -128 20 -125 0 -128 -4 -128 -25 -125 4 -128 -7 -128 0 -128 1 -128 6 -127 12 -127 37 -122 8 -127 12 -127
step 55 -115 9 -127 31 -124 25 -125 30 -125 28 -124 19 -127 24 -125 62 -111 71 -104 70 -107 90 -91 97 -83 103 -76 111 -63 106 -71 92 -89 81 -99
step 60 -113 44 -120 -3 -127 -29 -125 -49 -118 -72 -105 -89 -92 -91 -89 -101 -79 -98 -82 -101 -79 -91 -89 -89 -92 -53 -114 -6 -128 -26 -125 -2 -128
step 0 -128 0 -128 1 -128 34 -122 58 -114 74 -104 63 -111 11 -124 -46 -119 -3 -128 1 -128 41 -118 71 -107 83 -95 119 -46 105 -71 83 -97 25 -121 0 -124
step 12 -126 -26 -125 -2 -128 4 -128 35 -123 61 -111 77 -102 86 -95 97 -84 98 -81 90 -91 63 -110 103 -68 95 -84 79 -101 75 -104 69 -107 88 -92 94 -88
step 119 -39 127 -4 126 -26 127 2 124 -26 127 -11 128 -2 125 -26 127 -18 126 -18 128 0 128 0 127 6 126 25 127 -4 125 -30 124 -31 121 -40 118 -50
step 127 -13 113 -58 108 -69 105 -72 106 -71 108 -69 101 -79 87 -93 71 -106 41 -121 63 -111 60 -113 41 -121 16 -127 38 -122 48 -119 50 -117 47 -119
step 35 -123 50 -118 55 -115 29 -124 26 -125 1 -128 24 -125 66 -109 79 -101 57 -112 28 -125 6 -128 26 -125 1 -128 -24 -125 -7 -128 1 -128 33 -122
step 74 -104 66 -109 85 -96 92 -89 102 -78 92 -88 91 -91 98 -81 125 -19 125 -22 116 -54 126 -20 127 -9 103 -73 82 -98 72 -106 87 -94 111 -62 118 -49
step 115 -56 123 -29 128 -4 123 -33 128 8 123 33 116 52 105 74 105 73 107 71 107 70 120 39 128 0 125 -26 120 -43 97 -83 115 -47 105 -72 94 -86 111 -64
step 120 -44 122 -38 122 -39 98 -80 63 -111 36 -122 86 -93 120 -41 128 -1 126 15 124 -33 125 2 126 3 100 -77 79 -101 102 -76 124 -28 125 -25 126 -19
step 98 -81 83 -98 61 -112 74 -104 75 -103 47 -119 56 -115 45 -119 25 -126 11 -127 1 -128 30 -124 56 -115 64 -110 52 -117 81 -98 113 -59 104 -73
step 76 -103 63 -111 50 -118 71 -106 101 -76 7 -105 30 -121 75 -104 57 -114 25 -125 9 -127 31 -124 40 -122 64 -111 59 -113 21 -125 0 -128 8 -128
step -35 -122 -59 -113 -26 -125 -16 -127 0 -128 1 -128 28 -123 47 -119 46 -120 42 -120 80 -99 85 -95 51 -116 25 -126 11 -127 -12 -127 5 -124 62 -112
step 84 -96 52 -115 -19 -125 -7 -127 64 -110 72 -106 54 -115 52 -117 57 -115 74 -104 82 -98 63 -111 77 -102 86 -95 102 -75 118 -50 123 -36 107 -68
step 88 -93 52 -116 10 -127 57 -113 98 -82 86 -94 72 -106 82 -98 85 -95 55 -115 30 -124 16 -127 25 -125 35 -123 28 -125 26 -125 3 -128 0 -128 -3 -128
step -26 -125 6 -127 62 -111 73 -105 16 -126 33 -121 59 -113 4 -127 7 -128 30 -124 26 -125 14 -127 48 -119 33 -123 2 -128 0 -128 1 -128 26 -125
step 31 -123 -22 -126 -4 -127 -16 -127 -43 -120 0 -127 51 -117 74 -104 87 -93 74 -103 10 -127 55 -115 82 -99 90 -90 104 -73 114 -55 77 -101 48 -118
step 61 -112 28 -124 -12 -126 -48 -119 -1 -127 60 -110 117 -48 121 -41 118 -48 124 -30 128 -1 128 -1 121 -39 96 -84 69 -107 75 -104 78 -101 90 -92
step 89 -91 79 -101 86 -94 91 -91 90 -90 88 -93 61 -112 33 -123 13 -127 -6 -127 0 -128 0 -128 0 -128 0 -128 -14 -127 -18 -126 6 -128 44 -120 3 -126
step -22 -125 -24 -126 -24 -125 -15 -127 0 -128 -16 -126 -31 -125 -24 -125 -46 -119 -48 -119 -57 -115 -65 -110 -73 -104 -50 -118 -67 -105 -82 -97
step -17 -126 21 -126 37 -122 6 -128 -4 -128 -50 -116 -85 -95 -91 -91 -97 -83 -98 -81 -87 -95 -32 -121 -12 -127 -20 -126 1 -128 -5 -126 -28 -124
step 1 -128 33 -123 29 -123 1 -128 0 -128 8 -128 37 -122 32 -124 19 -126 0 -128 0 -128 0 -128 1 -128 26 -125 5 -128
branch 3163 3350 3172 3355 3181 3348
bpath 404944 428880
bstep 90 90 90 91 82 99 83 96 90 91 100 79 114 58 119 46 125 22 128 0 126 -19 127 -13 125 -22 115 -55 105 -72 91 -89 87 -95 58 -112 48 -119 59 -113
bstep 88 -92 104 -73 121 -40 29 -14
branch 3189 3344 3193 3343 3197 3340
bpath 408272 428112
bstep 77 -98 121 -30 127 0 127 0 127 0 124 -17 97 -81 75 -102 72 -104 77 -80
branch 3150 3367 3150 3363 3151 3360 3152 3359
bpath 403280 431056
bstep 28 -121 -26 -124 -2 -127 0 -126 9 -126 49 -117 58 -113 74 -102 66 -68
branch 3256 3185 3252 3182 3250 3179 3251 3177 3251 3175
bpath 416848 407760
bstep -104 -72 -90 -90 -96 -83 -112 -60 -110 -63 -117 -47 -89 -90 -47 -117 -3 -127 3 -127 59 -109 65 -104 1 -127 0 -64
branch 3243 3229 3245 3228 3246 3228 3247 3227 3247 3225 3248 3223 3248 3222
bshare 25
bpath 415184 413392
bstep 99 -79 124 -21 125 -23 91 -88 73 -103 29 -122 1 -126 34 -123 39 -120 25 -91
branch 3240 3232 3243 3227 3243 3225 3243 3223 3244 3222
bshare 25
bpath 414800 413776
bstep 40 -119 81 -98 89 -90 70 -104 8 -126 27 -123 6 -125 5 -126 -2 -127 50 -115 83 -95 55 -32
branch 3105 3417 3109 3411 3109 3408 3110 3406
bshare 25
bpath 397520 437456
bstep 65 -110 75 -104 67 -108 91 -89 105 -72 84 -95 26 -125 25 -125 6 -127 -3 -128 13 -124 69 -107 17 -94
branch 3106 3416 3109 3412 3109 3411 3108 3410 3108 3409 3109 3408 3110 3407
bshare 25
bpath 397648 437328
bstep 37 -121 69 -107 100 -80 103 -75 65 -108 -3 -124 -89 -89 -80 -99 -40 -105 73 -102 121 -37 102 -71 54 -34
branch 3215 3301 3216 3298 3215 3295 3216 3293 3217 3291 3219 3290 3219 3289 3219 3288
bshare 25
bpath 411600 422608
bstep 12 -127 42 -121 53 -116 21 -125 -16 -126 -65 -110 13 -120 5 -128 33 -122 80 -98 110 -62 107 -58 88 -93 38 -119 -2 -124 -7 -15
branch 3216 3299 3215 3295 3215 3294 3215 3293 3216 3292 3216 3290 3217 3288 3219 3287 3220 3285
bshare 25
bpath 411728 422352
bstep 0 -127 0 -128 -24 -124 -66 -108 7 -123 -18 -124 56 -109 67 -108 -15 -124 -6 -127 39 -120 76 -102 74 -103 117 -38 103 -51 78 -101 24 -75
block 3215 3317 0 EAST
block 3192 3344 0 NORTH
block 3108 3412 0 WEST
block 3191 3340 0 SOUTH
block 3252 3180 0 WHOLE
block 3243 3225 0 EAST
block 3246 3226 0 EAST
block 3192 3340 0 SOUTH
block 3213 3322 0 WHOLE
block 3215 3319 0 WHOLE
block 3242 3223 0 WHOLE
block 3194 3339 0 WHOLE
block 3215 3293 0 WEST
block 3192 3342 0 WHOLE
block 3217 3290 0 WHOLE
block 3243 3227 0 EAST
block 3109 3409 0 WEST
block 3107 3412 0 EAST
block 3213 3313 0 WEST
block 3151 3363 0 WHOLE
block 3219 3291 0 EAST
block 3131 3519 0 WEST
block 3216 3314 0 WHOLE
block 3253 3179 0 WHOLE
block 3150 3359 0 WEST
block 3106 3421 0 EAST
block 3252 3179 0 WHOLE
block 3131 3515 0 WEST
block 3149 3362 0 EAST
block 3214 3308 0 EAST
block 3246 3225 0 EAST
block 3131 3517 0 WHOLE
block 3149 3364 0 EAST
block 3195 3338 0 WHOLE
block 3104 3420 0 WEST
block 3219 3293 0 EAST
block 3214 3319 0 EAST
block 3216 3316 0 WHOLE
block 3244 3226 0 WEST
block 3108 3411 0 WEST
block 3243 3226 0 EAST
block 3194 3342 0 WEST
block 3246 3227 0 WHOLE
block 3192 3345 0 WHOLE
block 3243 3224 0 EAST
block 3150 3361 0 WEST
block 3217 3304 0 WHOLE
block 3215 3294 0 WEST
block 3108 3407 0 WHOLE
block 3108 3409 0 EAST
block 3213 3321 0 EAST
block 3215 3318 0 WHOLE
block 3215 3292 0 EAST
block 3244 3225 0 WHOLE
block 3193 3342 0 WHOLE
block 3106 3420 0 EAST
block 3149 3365 0 WEST
block 3219 3292 0 EAST
block 3216 3315 0 WHOLE
block 3107 3411 0 EAST
block 3253 3180 0 WHOLE
block 3213 3312 0 WEST
block 3247 3226 0 WEST
block 3193 3344 0 WHOLE
block 3151 3364 0 WHOLE
block 3150 3360 0 WEST
block 3109 3410 0 WEST
block 3216 3313 0 EAST
block 3109 3406 0 WEST
block 3200 3341 0 WHOLE
block 3194 3344 0 NORTH
block 3149 3363 0 EAST
block 3131 3516 0 EAST
block 3193 3340 0 WHOLE
block 3214 3320 0 WHOLE
block 3104 3421 0 WEST
block 3219 3294 0 EAST
block 3216 3317 0 WHOLE
block 3214 3307 0 WEST
block 3247 3228 0 WHOLE
block 3131 3518 0 WHOLE
block 3151 3362 0 EAST
allow 3247 3224 0 EAST
allow 3216 3293 0 WEST
allow 3248 3226 0 WEST
allow 3245 3227 0 WHOLE
allow 3110 3410 0 WEST
allow 3247 3223 0 WHOLE
allow 3108 3410 0 WHOLE
allow 3246 3228 0 WHOLE
allow 3246 3223 0 SOUTH
allow 3216 3294 0 WEST
allow 3245 3228 0 NORTH
surface 3117 3494 0 WHOLE
surface 3127 3505 0 WHOLE
surface 3114 3492 0 WHOLE
surface 3131 3512 0 WHOLE
surface 3127 3506 0 WHOLE
surface 3131 3513 0 WHOLE
surface 3122 3532 0 WHOLE
surface 3130 3509 0 WHOLE
surface 3122 3533 0 WHOLE
surface 3117 3495 0 WHOLE
surface 3127 3507 0 WHOLE
surface 3114 3493 0 WHOLE
surface 3128 3507 0 WHOLE
surface 3118 3496 0 WHOLE
surface 3121 3497 0 WHOLE
surface 3115 3494 0 WHOLE
surface 3118 3495 0 WHOLE
surface 3115 3493 0 WHOLE
surface 3121 3498 0 WHOLE
surface 3124 3500 0 WHOLE
surface 3124 3501 0 WHOLE
surface 3127 3504 0 WHOLE
surface 3125 3501 0 WHOLE
surface 3129 3509 0 WHOLE
surface 3118 3494 0 WHOLE
surface 3115 3492 0 WHOLE
surface 3128 3506 0 WHOLE
surface 3130 3510 0 WHOLE
surface 3122 3497 0 WHOLE
surface 3130 3511 0 WHOLE
surface 3125 3500 0 WHOLE
surface 3119 3496 0 WHOLE
surface 3130 3512 0 WHOLE
surface 3116 3494 0 WHOLE
surface 3119 3495 0 WHOLE
surface 3130 3513 0 WHOLE
surface 3116 3493 0 WHOLE
surface 3122 3498 0 WHOLE
