route 0 2323 3248 2313 3243 2300 3236 2294 3233 2290 3235 2283 3234 2275 3242 2271 3252 2264 3255 2261 3250 2261 3246 2254 3243 2247 3245 2244 3239 2240 3238 2235 3233 2227 3229 2222 3245 2215 3246 2213 3235 2203 3240 2198 3232 2190 3231 2181 3242 2183 3254 2180 3258 2168 3260 2167 3260
water 8636 12900
275 18, 273 22, 271 26, 269 30, 268 32, 267 34, 267 35, 266 37, 127 6 133 39, 125 10 130 42, 123 14 128 43, 121 18 125 45, 120 21 123 46
119 24 121 46, 119 26 119 46, 118 29 117 46, 118 30 116 46, 117 32 114 48, 116 34 113 48, 115 36 111 50, 114 39 109 50, 113 42 106 51, 113 44 104 51
112 47 101 52, 112 48 100 23 6 23 191 6 34 10, 111 50 99 21 10 21 189 10 30 14, 111 51 98 19 14 19 183 18 26 17, 110 53 97 17 17 18 181 22 22 20
110 54 47 10 39 16 18 18 180 24 20 22, 109 56 44 14 38 14 20 17 179 26 18 24, 109 57 41 18 36 14 20 17 178 28 16 25
108 59 38 22 35 12 22 16 177 30 14 27, 108 31 6 24 35 24 34 11 23 16 176 33 10 29, 107 30 10 24 32 26 33 10 25 16 174 36 6 32
107 24 22 18 31 27 33 9 26 16 174 75, 106 23 25 18 29 29 32 8 28 17 171 77, 106 21 27 18 28 30 32 8 28 19 169 78, 105 20 30 17 27 32 30 9 28 21 167 79
103 20 32 17 26 33 30 9 28 23 165 80, 101 20 35 16 25 35 28 10 28 25 163 81, 100 19 37 16 23 37 28 10 28 26 162 82
99 18 39 15 22 39 27 11 29 25 162 83, 99 16 41 15 21 40 27 11 29 25 162 83, 98 16 42 14 21 41 26 12 30 24 162 85
98 16 42 14 20 42 26 12 31 44 141 25 2 34 10 32, 97 16 43 13 20 43 25 12 33 45 140 22 6 30 14 32, 97 16 43 13 20 43 25 12 34 45 139 22 6 28 18 32
96 16 44 12 20 44 24 12 36 45 139 20 8 26 20 33, 96 16 44 12 20 44 24 12 37 45 138 20 9 24 22 33, 95 16 45 12 19 44 25 11 39 45 138 19 10 22 24 33
95 16 45 12 18 45 25 11 40 45 137 19 11 20 26 33, 94 16 46 12 17 45 26 10 42 45 137 18 12 17 30 32
94 16 46 12 15 20 6 21 26 10 43 45 136 18 13 14 50 15, 93 16 48 12 12 20 10 18 27 9 46 44 136 17 15 10 54 14
91 18 48 12 10 20 12 18 27 9 48 42 136 17 81 12, 89 19 50 13 6 21 14 16 28 8 50 42 136 16 83 11, 87 20 51 39 15 15 29 8 50 42 137 15 84 10
85 21 53 37 16 13 30 9 51 41 138 15 84 10, 83 22 54 36 17 11 32 9 51 41 139 14 84 10, 81 23 56 33 19 10 32 10 52 40 140 14 84 10
79 24 57 32 20 10 32 10 53 39 35 18 50 14 24 13 85 9, 77 24 60 30 20 10 32 11 54 38 33 22 46 18 23 13 85 9
76 23 62 30 20 10 32 11 55 37 31 26 42 21 23 12 86 9, 75 23 64 28 20 10 32 12 56 36 29 30 38 24 23 12 87 8
74 24 64 28 20 10 32 12 57 35 27 33 35 27 22 12 89 8, 73 24 66 27 19 11 32 13 58 32 26 36 32 30 21 13 89 9
73 24 66 27 18 12 32 13 58 32 25 38 31 31 20 14 89 9, 72 24 68 26 17 13 32 14 58 30 25 40 29 33 19 15 89 9
72 24 69 25 16 14 32 14 63 25 24 42 28 34 18 16 89 9, 72 23 72 22 16 16 30 16 64 23 23 44 27 35 17 17 89 9
72 23 74 20 16 16 30 16 70 17 23 44 27 36 16 17 90 14, 72 22 76 18 16 18 27 19 70 16 22 46 26 37 15 18 90 15
72 22 77 17 16 18 25 21 70 16 22 46 26 38 14 18 90 16, 72 21 79 15 17 19 22 23 71 16 20 48 26 38 12 20 90 16
72 21 84 10 17 19 21 24 71 18 17 49 26 40 10 20 90 17, 72 20 87 6 19 20 19 25 72 19 14 51 26 41 6 23 90 17, 72 20 112 21 17 26 72 84 26 17 6 47 91 17
73 18 114 22 14 26 73 84 27 14 10 45 92 17, 73 18 114 24 10 28 73 84 27 14 12 43 93 17, 74 16 116 25 6 29 74 84 28 12 14 42 95 16
74 16 116 60 74 84 28 12 14 42 97 15, 75 15 117 59 75 82 30 12 14 40 100 14, 75 15 117 59 75 82 30 12 14 40 102 12 35 5
76 14 118 58 76 80 32 12 14 38 105 11 33 8, 76 14 119 57 76 45 10 25 32 12 14 37 108 9 32 10, 76 15 119 56 77 42 14 22 34 11 15 35 111 8 30 12
76 15 120 55 77 36 22 20 34 11 15 34 114 6 30 12, 76 16 120 54 78 33 25 18 36 10 16 32 117 5 28 14, 76 16 121 53 79 31 26 18 36 10 16 32 119 4 26 15
77 16 121 51 81 29 28 16 37 9 18 30 121 5 22 17, 77 17 121 50 82 28 28 16 37 9 18 30 122 6 18 19, 78 17 121 48 84 26 30 14 38 8 20 28 124 7 14 21
78 18 121 46 86 25 30 14 38 8 21 26 126 41, 79 18 122 43 88 23 31 13 38 9 23 22 129 39, 79 19 123 40 90 22 31 13 38 9 25 14 136 38
80 19 124 37 92 20 32 12 38 10 27 10 139 36, 81 19 129 30 94 18 33 12 38 10 177 34, 82 19 130 26 98 15 34 12 37 12 178 30
83 18 132 22 102 12 35 12 37 12 180 22, 84 18 133 18 106 9 36 12 36 14 181 18, 84 18 135 10 157 12 36 14, 85 18 136 6 159 13 34 15, 85 18 301 13 33 16
86 18 300 14 31 17, 86 18 300 14 30 18, 87 18 298 16 28 19, 87 19 297 16 28 19, 88 19 295 18 25 21, 88 20 294 19 22 23, 88 21 292 22 18 24
88 22 291 24 14 26, 88 23 289 27 10 27, 20 12 56 24 288 64, 2* 20 12 56 25 287 63, 20 12 56 26 286 62, 12 20 56 26 286 62, 2* 12 21 54 27 287 60
12 22 52 28 288 58, 8 26 52 28 288 57, 8 27 50 28 289 56, 8 27 50 28 289 55, 8 28 48 28 290 54, 8 28 48 28 290 53, 8 29 46 28 292 50
8 30 45 28 292 48, 8 31 43 28 294 45, 4 41 37 27 296 42, 4 43 34 27 299 38, 4 45 30 28 302 30, 4 47 26 28 306 26, 4 99 310 22, 4 97 314 18
4 95 318 14, 4 93 322 10, 4 91, 4 89, 4 87, 4 85, 0 55, 2* 0 53, 0 52, 4 47, 4 46, 4 45, 4 44, 4 43, 4 41, 4 39, 4 37, 4 35, 4 34, 4 33, 4 32, 8 27
8 26, 8 25, 8 24, 8 23, 8 22, 8 21, 8 20, 4* 12 16, 4* 20 8
path 297424 415824
step -122 32 -128 0 -128 -4 -123 -36 -110 -63 -93 -89 -90 -90 -92 -89 -104 -75 -104 -74 -103 -77 -107 -67 -115 -55 -93 -88 -96 -83 -99 -82 -91 -90
step -88 -93 -78 -101 -89 -92 -97 -83 -114 -57 -127 -16 -128 0 -128 0 -127 -9 -120 -43 -90 -89 -65 -110 -86 -94 -112 -62 -113 -60 -126 -9 -125 26
step -124 29 -119 45 -119 46 -110 64 -107 68 -128 0 -110 -63 -110 -64 -115 -57 -122 -33 -128 1 -120 41 -90 88 -7 127 1 128 30 124 51 117 67 109 57 115
step 18 125 0 128 -4 128 -63 108 -111 60 -126 24 -124 31 -126 8 -103 -73 -92 -90 -101 -76 -122 -37 -128 -4 -124 -29 -123 17 -76 100 -26 125 -14 126
step 22 125 -2 128 -41 120 -57 115 -53 116 -66 109 -77 102 -92 84 -124 33 -112 60 -108 69 -112 61 -119 46 -122 34 -121 43 -123 -17 -109 -66 -90 -90
step -61 -111 -10 -127 0 -128 0 -128 0 -128 0 -128 -1 -128 -34 -122 -53 -117 -75 -102 -100 -80 -103 -75 -116 -56 -126 -12 -128 1 -116 50 -113 59
step -116 55 -111 62 -123 34 -124 30 -125 27 -128 3 -126 -5 -107 -69 -80 -99 -41 -121 -30 -125 -4 -127 -33 -122 -67 -109 -92 -82 -127 -6 -128 0 -128 0
step -128 0 -126 -16 -99 -81 -74 -104 -56 -114 -87 -94 -82 -98 -34 -123 -53 -116 -29 -124 -22 -125 -45 -119 -95 -85 -125 -17 -128 0 -128 1 -120 42
step -125 21 -125 17 -81 99 -98 82 -58 110 -20 127 -23 125 -31 125 -39 121 -54 116 -44 120 -19 127 -28 124 -29 125 -4 128 0 128 -7 127 -54 115 -66 110
step -80 99 -102 76 -120 43 -125 27 -128 1 -126 -14 -122 -40 -121 -41 -115 -56 -95 -86 -89 -91 -71 -106 -18 -125 23 -126 32 -123 41 -122 30 -124
step 24 -125 38 -121 -1 -127 -75 -97 -126 -12 -126 15 -122 40 -115 56 -110 66 -95 85 -92 89 -99 80 -96 85 -91 90 -109 64 -124 30 -128 2 -112 -57
step -90 -91 -70 -106 -38 -121 -2 -128 4 -128 21 -126 -51 -115 -66 -110 -87 -93 -111 -63 -122 -36 -117 -53 -125 -19 -128 1 -125 24 -123 35 -125 22
step -117 53 -117 50 -96 84 -90 92 -77 101 -74 105 -85 95 -66 109 -47 119 -54 116 -84 96 -80 100 -54 116 -74 104 -75 103 -46 119 -9 128 0 128 7 127
step 37 122 41 122 55 115 70 107 52 117 40 121 39 122 11 127 -18 125 -82 99 -90 90 -91 91 -87 93 -116 43 -125 26 -128 5 -128 0 -128 0 -128 0 -128 0
step -127 12 -125 21 -125 26 -124 34 -107 68 -111 59 -80 4
branch 2245 3242 2242 3240 2241 3240 2240 3240 2239 3240 2238 3238 2237 3236
bpath 287440 415056
bstep -45 -118 -86 -90 -125 -16 -127 -8 -126 0 -127 0 -124 -15 -102 -74 -60 -109 -10 -125 -68 -106 -24 -107
block 2181 3240 0 WHOLE
block 2271 3254 0 WHOLE
block 2194 3228 0 WHOLE
block 2293 3236 0 WHOLE
block 2276 3241 0 WHOLE
block 2239 3237 0 SOUTH
block 2273 3253 0 WHOLE
block 2179 3245 0 WHOLE
block 2241 3236 0 WHOLE
block 2284 3246 0 WHOLE
block 2263 3244 0 WHOLE
block 2182 3237 0 WHOLE
block 2242 3242 0 WHOLE
block 2226 3227 0 WHOLE
block 2274 3250 0 WHOLE
block 2297 3235 0 WHOLE
block 2231 3227 0 WHOLE
block 2245 3247 0 WHOLE
block 2241 3240 0 SOUTH
block 2190 3229 0 WHOLE
block 2250 3247 0 WHOLE
block 2272 3242 0 WHOLE
block 2252 3246 0 WHOLE
block 2287 3242 0 WHOLE
block 2192 3228 0 WHOLE
block 2254 3245 0 WHOLE
block 2242 3237 0 SOUTH
block 2276 3240 0 WHOLE
block 2181 3239 0 WHOLE
block 2273 3252 0 WHOLE
block 2179 3244 0 WHOLE
block 2229 3227 0 WHOLE
block 2242 3241 0 NORTH
block 2263 3243 0 WHOLE
block 2268 3256 0 WHOLE
block 2234 3227 0 WHOLE
block 2248 3247 0 WHOLE
block 2274 3249 0 EAST
block 2262 3241 0 WHOLE
block 2180 3241 0 WHOLE
block 2188 3229 0 WHOLE
block 2241 3239 0 NORTH
block 2179 3248 0 WHOLE
block 2272 3254 0 WHOLE
block 2277 3241 0 WHOLE
block 2231 3230 0 WHOLE
block 2274 3240 0 WHOLE
block 2240 3237 0 SOUTH
block 2225 3228 0 WHOLE
block 2242 3236 0 WHOLE
block 2285 3246 0 WHOLE
block 2287 3245 0 WHOLE
block 2232 3227 0 WHOLE
block 2227 3227 0 WHOLE
block 2240 3241 0 NORTH
block 2296 3235 0 WHOLE
block 2271 3243 0 WHOLE
block 2179 3243 0 WHOLE
block 2263 3242 0 WHOLE
block 2242 3240 0 SOUTH
block 2246 3247 0 WHOLE
block 2179 3247 0 WHOLE
block 2193 3228 0 WHOLE
block 2239 3239 0 NORTH
block 2232 3231 0 WHOLE
block 2270 3254 0 WHOLE
block 2263 3246 0 WHOLE
block 2255 3245 0 WHOLE
block 2283 3246 0 WHOLE
block 2236 3229 0 WHOLE
block 2240 3236 0 WHOLE
block 2267 3257 0 WHOLE
block 2272 3244 0 WHOLE
block 2230 3227 0 WHOLE
block 2298 3235 0 WHOLE
block 2287 3244 0 WHOLE
block 2235 3227 0 WHOLE
block 2249 3247 0 WHOLE
block 2179 3242 0 WHOLE
block 2240 3240 0 SOUTH
block 2189 3229 0 WHOLE
block 2251 3246 0 WHOLE
block 2242 3239 0 NORTH
block 2179 3246 0 WHOLE
block 2260 3240 0 WHOLE
block 2273 3241 0 WHOLE
block 2278 3241 0 WHOLE
block 2191 3228 0 WHOLE
block 2275 3240 0 WHOLE
block 2232 3230 0 WHOLE
block 2253 3245 0 WHOLE
block 2241 3237 0 SOUTH
block 2263 3245 0 WHOLE
block 2182 3238 0 WHOLE
block 2286 3246 0 WHOLE
block 2226 3228 0 WHOLE
block 2274 3251 0 WHOLE
block 2228 3227 0 WHOLE
block 2233 3227 0 WHOLE
block 2241 3241 0 NORTH
block 2272 3243 0 WHOLE
block 2295 3231 0 WHOLE
block 2247 3247 0 WHOLE
block 2269 3255 0 WHOLE
block 2287 3243 0 WHOLE
block 2240 3239 0 NORTH
block 2261 3241 0 WHOLE
surface 2311 3242 0 WHOLE
surface 2320 3248 0 WHOLE
surface 2317 3246 0 WHOLE
surface 2319 3249 0 WHOLE
surface 2311 3241 0 WHOLE
surface 2310 3242 0 WHOLE
surface 2319 3248 0 WHOLE
surface 2310 3241 0 WHOLE
surface 2319 3247 0 WHOLE
surface 2318 3248 0 WHOLE
surface 2310 3240 0 WHOLE
surface 2309 3241 0 WHOLE
surface 2318 3247 0 WHOLE
surface 2309 3240 0 WHOLE
surface 2318 3246 0 WHOLE
surface 2317 3247 0 WHOLE
surface 2320 3249 0 WHOLE
dive 2260 3250 0 WHOLE
dive 2290 3234 0 WHOLE
dive 2260 3251 0 SOUTH
dive 2200 3238 0 SOUTH
dive 2261 3250 0 WHOLE
dive 2290 3235 0 WHOLE
dive 2198 3237 0 WHOLE
dive 2291 3234 0 WEST
dive 2290 3236 0 WHOLE
dive 2261 3251 0 SOUTH
dive 2291 3235 0 WEST
dive 2198 3238 0 SOUTH
dive 2262 3250 0 WHOLE
dive 2199 3237 0 WHOLE
dive 2290 3237 0 WHOLE
dive 2262 3251 0 SOUTH
dive 2291 3236 0 WEST
dive 2200 3237 0 WHOLE
dive 2291 3237 0 WEST
dive 2199 3238 0 SOUTH
